182	47
180	49
179	49
178	50
176	50
175	51
176	52
175	53
173	53
172	54
173	55
172	56
167	56
166	57
164	57
162	59
159	59
157	61
152	61
152	62
151	63
140	63
139	64
137	64
136	65
132	65
131	66
130	66
127	69
125	69
122	72
121	72
118	75
118	76
114	80
114	81
112	83
111	83
108	86
107	86
107	87
106	88
106	89
102	93
101	93
100	94
99	94
96	97
95	97
93	99
92	99
90	101
89	101
85	105
85	106
82	109
82	110
77	115
77	116
76	117
76	122
75	123
75	126
74	127
74	130
73	131
73	134
71	136
71	137
70	138
69	138
68	139
68	141
64	145
64	152
65	153
65	154
64	155
64	156
63	157
63	160
64	161
64	166
63	167
63	174
64	173
66	175
66	178
67	179
67	180
68	181
68	182
69	183
68	184
68	188
68	186
69	185
70	186
70	188
71	189
71	191
72	192
72	193
74	195
74	197
75	198
75	199
76	200
76	202
77	203
77	205
78	206
78	208
79	208
80	209
80	211
81	212
81	214
82	215
82	217
83	217
84	218
84	222
85	223
85	226
87	228
87	234
88	235
88	236
89	237
89	238
88	239
87	239
86	240
86	242
87	243
87	245
87	241
88	240
89	241
89	242
90	243
90	246
91	247
91	248
90	249
90	255
91	256
91	257
92	258
92	260
93	261
93	262
95	264
95	266
97	268
97	270
96	271
95	271
94	270
95	269
93	267
93	266
92	265
92	264
90	262
90	261
89	260
89	258
88	257
88	256
87	255
87	254
86	253
86	249
85	248
84	248
85	249
85	254
86	255
86	257
87	258
87	259
88	260
88	261
89	262
89	263
91	265
91	267
92	268
92	269
94	271
94	272
98	272
100	274
100	270
101	269
104	272
105	272
107	274
108	274
109	275
108	276
105	276
105	277
106	277
107	278
107	281
108	282
109	282
111	284
111	288
112	289
112	290
113	291
114	291
115	292
116	292
119	295
120	295
117	292
118	291
119	291
120	292
122	292
124	294
124	295
127	298
127	299
128	299
130	301
130	302
134	306
134	307
135	307
137	309
138	309
139	310
140	310
146	316
147	316
148	317
148	319
145	322
144	322
143	321
144	322
143	323
143	325
144	324
145	324
146	325
145	326
146	327
146	329
147	330
149	330
146	327
147	326
147	325
148	324
150	324
151	325
152	325
153	326
153	330
154	329
156	329
157	328
160	331
160	332
159	333
162	333
164	335
166	335
167	336
169	336
170	337
170	338
172	340
173	340
176	343
177	343
178	344
180	344
181	345
182	345
183	346
188	346
189	347
189	348
188	349
187	348
181	348
180	347
179	347
178	346
175	346
174	347
175	347
176	348
179	348
180	349
184	349
185	350
188	350
189	351
195	351
196	350
197	350
197	348
198	347
201	347
202	346
203	346
204	347
218	347
219	346
221	346
222	345
223	346
230	346
231	347
232	347
233	346
236	346
237	345
242	345
243	344
247	344
248	343
251	343
253	341
255	341
256	340
257	340
259	338
265	338
266	337
267	337
268	336
271	336
274	333
276	333
277	332
279	332
280	331
281	331
284	328
286	328
287	327
288	327
291	324
292	324
296	320
298	320
299	319
300	319
301	318
302	318
303	317
304	317
304	316
305	315
309	315
309	314
319	304
320	304
321	303
321	302
322	301
322	300
321	299
321	297
321	298
320	299
320	300
319	301
319	302
318	303
316	303
313	306
312	306
310	308
309	308
308	309
308	310
307	311
306	311
305	312
304	312
302	314
301	314
300	315
299	315
297	317
296	317
295	318
294	318
292	320
291	320
291	321
290	322
289	322
288	323
287	323
286	324
285	324
283	326
282	326
281	327
279	327
279	328
278	329
276	329
275	330
274	330
273	331
272	330
271	331
271	332
270	333
267	333
266	334
263	334
262	335
261	335
260	336
257	336
256	337
255	337
254	338
253	338
252	339
250	339
249	340
247	340
246	341
240	341
238	343
236	343
235	342
234	342
232	340
233	339
231	341
230	341
229	342
226	342
225	341
225	340
226	339
227	339
225	339
224	338
222	340
219	340
218	341
217	341
216	342
215	342
214	343
213	343
212	344
208	344
207	345
205	345
204	346
201	346
200	345
200	344
194	344
193	343
193	342
194	341
195	341
195	338
196	337
199	337
200	338
201	337
207	337
208	336
209	336
210	337
211	337
212	338
213	338
215	340
215	338
216	337
218	337
219	336
220	337
221	336
235	336
236	335
237	335
238	336
240	336
242	334
248	334
249	333
253	333
254	332
255	332
257	330
258	330
260	328
261	328
262	327
265	327
266	326
270	326
269	325
270	324
273	324
274	323
275	323
276	322
278	322
282	318
283	318
284	317
285	317
287	315
288	315
289	314
291	314
293	312
295	312
296	311
296	310
298	308
299	308
300	307
301	308
301	309
300	310
299	310
299	311
303	307
304	307
304	306
312	298
313	299
314	299
314	297
315	296
319	296
319	295
317	295
316	294
316	292
318	290
319	291
319	292
318	293
319	293
321	291
321	288
322	287
322	284
325	281
325	280
328	277
328	275
331	272
331	269
334	266
333	265
334	264
334	261
335	260
335	259
336	258
337	259
337	261
337	260
338	259
336	257
337	256
337	255
338	254
338	253
339	252
339	250
340	249
340	248
341	247
341	245
340	244
340	242
339	241
339	240
340	239
340	233
339	232
339	229
340	228
341	228
342	229
342	230
342	229
340	227
340	224
337	221
337	220
338	219
338	200
339	199
340	199
341	200
341	199
340	198
340	197
339	196
339	194
338	193
338	192
340	190
340	183
339	182
339	175
338	174
337	175
336	174
336	172
334	170
334	169
335	168
336	168
336	165
335	164
335	156
334	155
334	152
333	151
333	150
332	149
332	147
331	146
331	144
329	142
329	141
327	139
327	138
326	137
326	136
325	136
324	135
321	135
320	134
320	133
319	132
318	132
317	131
317	129
318	128
318	127
316	125
315	125
314	124
314	123
313	123
311	121
311	119
310	119
309	118
309	117
306	114
306	113
305	113
304	112
304	110
303	110
302	109
303	108
304	108
302	106
301	106
299	104
297	104
296	103
296	102
295	101
293	101
289	97
288	97
283	92
283	91
281	89
280	89
275	84
275	80
274	79
274	77
273	76
272	76
271	75
271	74
267	74
266	75
265	74
264	74
263	73
263	72
260	69
259	69
256	66
255	66
254	65
254	64
253	63
253	62
252	61
252	60
251	59
250	59
250	60
251	61
251	62
250	63
248	61
246	61
245	60
243	60
242	59
243	58
244	58
244	57
242	57
241	56
239	56
238	55
238	54
236	54
235	53
233	53
232	52
232	51
231	50
229	50
228	49
224	49
223	48
217	48
214	51
203	51
202	50
197	50
196	49
193	49
191	47
182	47
180	49
179	49
178	50
176	50
175	51
176	52
175	53
173	53
172	54
173	55
172	56
167	56
166	57
164	57
162	59
159	59
157	61
152	61
152	62
151	63
140	63
139	64
137	64
136	65
132	65
131	66
130	66
127	69
125	69
122	72
121	72
118	75
118	76
114	80
114	81
112	83
111	83
108	86
107	86
107	87
106	88
106	89
102	93
101	93
100	94
99	94
96	97
95	97
93	99
92	99
90	101
89	101
85	105
85	106
82	109
82	110
77	115
77	116
76	117
76	122
75	123
75	126
74	127
74	130
73	131
73	134
71	136
71	137
70	138
69	138
68	139
68	141
64	145
64	152
65	153
65	154
64	155
64	156
63	157
63	160
64	161
64	166
63	167
63	174
64	173
66	175
66	178
67	179
67	180
68	181
68	182
69	183
68	184
68	188
68	186
69	185
70	186
70	188
71	189
71	191
72	192
72	193
74	195
74	197
75	198
75	199
76	200
76	202
77	203
77	205
78	206
78	208
79	208
80	209
80	211
81	212
81	214
82	215
82	217
83	217
84	218
84	222
85	223
85	226
87	228
87	234
88	235
88	236
89	237
89	238
88	239
87	239
86	240
86	242
87	243
87	245
87	241
88	240
89	241
89	242
90	243
90	246
91	247
91	248
90	249
90	255
91	256
91	257
92	258
92	260
93	261
93	262
95	264
95	266
97	268
97	270
96	271
95	271
94	270
95	269
93	267
93	266
92	265
92	264
90	262
90	261
89	260
89	258
88	257
88	256
87	255
87	254
86	253
86	249
85	248
84	248
85	249
85	254
86	255
86	257
87	258
87	259
88	260
88	261
89	262
89	263
91	265
91	267
92	268
92	269
94	271
94	272
98	272
100	274
100	270
101	269
104	272
105	272
107	274
108	274
109	275
108	276
105	276
105	277
106	277
107	278
107	281
108	282
109	282
111	284
111	288
112	289
112	290
113	291
114	291
115	292
116	292
119	295
120	295
117	292
118	291
119	291
120	292
122	292
124	294
124	295
127	298
127	299
128	299
130	301
130	302
134	306
134	307
135	307
137	309
138	309
139	310
140	310
146	316
147	316
148	317
148	319
145	322
144	322
143	321
144	322
143	323
143	325
144	324
145	324
146	325
145	326
146	327
146	329
147	330
149	330
146	327
147	326
147	325
148	324
150	324
151	325
152	325
153	326
153	330
154	329
156	329
157	328
160	331
160	332
159	333
162	333
164	335
166	335
167	336
169	336
170	337
170	338
172	340
173	340
176	343
177	343
178	344
180	344
181	345
182	345
183	346
188	346
189	347
189	348
188	349
187	348
181	348
180	347
179	347
178	346
175	346
174	347
175	347
176	348
179	348
180	349
184	349
185	350
188	350
189	351
195	351
196	350
197	350
197	348
198	347
201	347
202	346
203	346
204	347
218	347
219	346
221	346
222	345
223	346
230	346
231	347
232	347
233	346
236	346
237	345
242	345
243	344
247	344
248	343
251	343
253	341
255	341
256	340
257	340
259	338
265	338
266	337
267	337
268	336
271	336
274	333
276	333
277	332
279	332
280	331
281	331
284	328
286	328
287	327
288	327
291	324
292	324
296	320
298	320
299	319
300	319
301	318
302	318
303	317
304	317
304	316
305	315
309	315
309	314
319	304
320	304
321	303
321	302
322	301
322	300
321	299
321	297
321	298
320	299
320	300
319	301
319	302
318	303
316	303
313	306
312	306
310	308
309	308
308	309
308	310
307	311
306	311
305	312
304	312
302	314
301	314
300	315
299	315
297	317
296	317
295	318
294	318
292	320
291	320
291	321
290	322
289	322
288	323
287	323
286	324
285	324
283	326
282	326
281	327
279	327
279	328
278	329
276	329
275	330
274	330
273	331
272	330
271	331
271	332
270	333
267	333
266	334
263	334
262	335
261	335
260	336
257	336
256	337
255	337
254	338
253	338
252	339
250	339
249	340
247	340
246	341
240	341
238	343
236	343
235	342
234	342
232	340
233	339
231	341
230	341
229	342
226	342
225	341
225	340
226	339
227	339
225	339
224	338
222	340
219	340
218	341
217	341
216	342
215	342
214	343
213	343
212	344
208	344
207	345
205	345
204	346
201	346
200	345
200	344
194	344
193	343
193	342
194	341
195	341
195	338
196	337
199	337
200	338
201	337
207	337
208	336
209	336
210	337
211	337
212	338
213	338
215	340
215	338
216	337
218	337
219	336
220	337
221	336
235	336
236	335
237	335
238	336
240	336
242	334
248	334
249	333
253	333
254	332
255	332
257	330
258	330
260	328
261	328
262	327
265	327
266	326
270	326
269	325
270	324
273	324
274	323
275	323
276	322
278	322
282	318
283	318
284	317
285	317
287	315
288	315
289	314
291	314
293	312
295	312
296	311
296	310
298	308
299	308
300	307
301	308
301	309
300	310
299	310
299	311
303	307
304	307
304	306
312	298
313	299
314	299
314	297
315	296
319	296
319	295
317	295
316	294
316	292
318	290
319	291
319	292
318	293
319	293
321	291
321	288
322	287
322	284
325	281
325	280
328	277
328	275
331	272
331	269
334	266
333	265
334	264
334	261
335	260
335	259
336	258
337	259
337	261
337	260
338	259
336	257
337	256
337	255
338	254
338	253
339	252
339	250
340	249
340	248
341	247
341	245
340	244
340	242
339	241
339	240
340	239
340	233
339	232
339	229
340	228
341	228
342	229
342	230
342	229
340	227
340	224
337	221
337	220
338	219
338	200
339	199
340	199
341	200
341	199
340	198
340	197
339	196
339	194
338	193
338	192
340	190
340	183
339	182
339	175
338	174
337	175
336	174
336	172
334	170
334	169
335	168
336	168
336	165
335	164
335	156
334	155
334	152
333	151
333	150
332	149
332	147
331	146
331	144
329	142
329	141
327	139
327	138
326	137
326	136
325	136
324	135
321	135
320	134
320	133
319	132
318	132
317	131
317	129
318	128
318	127
316	125
315	125
314	124
314	123
313	123
311	121
311	119
310	119
309	118
309	117
306	114
306	113
305	113
304	112
304	110
303	110
302	109
303	108
304	108
302	106
301	106
299	104
297	104
296	103
296	102
295	101
293	101
289	97
288	97
283	92
283	91
281	89
280	89
275	84
275	80
274	79
274	77
273	76
272	76
271	75
271	74
267	74
266	75
265	74
264	74
263	73
263	72
260	69
259	69
256	66
255	66
254	65
254	64
253	63
253	62
252	61
252	60
251	59
250	59
250	60
251	61
251	62
250	63
248	61
246	61
245	60
243	60
242	59
243	58
244	58
244	57
242	57
241	56
239	56
238	55
238	54
236	54
235	53
233	53
232	52
232	51
231	50
229	50
228	49
224	49
223	48
217	48
214	51
203	51
202	50
197	50
196	49
193	49
191	47
182	47
180	49
179	49
178	50
176	50
175	51
176	52
175	53
173	53
172	54
173	55
172	56
167	56
166	57
164	57
162	59
159	59
157	61
152	61
152	62
151	63
140	63
139	64
137	64
136	65
132	65
131	66
130	66
127	69
125	69
122	72
121	72
118	75
118	76
114	80
114	81
112	83
111	83
108	86
107	86
107	87
106	88
106	89
102	93
101	93
100	94
99	94
96	97
95	97
93	99
92	99
90	101
89	101
85	105
85	106
82	109
82	110
77	115
77	116
76	117
76	122
75	123
75	126
74	127
74	130
73	131
73	134
71	136
71	137
70	138
69	138
68	139
68	141
64	145
64	152
65	153
65	154
64	155
64	156
63	157
63	160
64	161
64	166
63	167
63	174
64	173
66	175
66	178
67	179
67	180
68	181
68	182
69	183
68	184
68	188
68	186
69	185
70	186
70	188
71	189
71	191
72	192
72	193
74	195
74	197
75	198
75	199
76	200
76	202
77	203
77	205
78	206
78	208
79	208
80	209
80	211
81	212
81	214
82	215
82	217
83	217
84	218
84	222
85	223
85	226
87	228
87	234
88	235
88	236
89	237
89	238
88	239
87	239
86	240
86	242
87	243
87	245
87	241
88	240
89	241
89	242
90	243
90	246
91	247
91	248
90	249
90	255
91	256
91	257
92	258
92	260
93	261
93	262
95	264
95	266
97	268
97	270
96	271
95	271
94	270
95	269
93	267
93	266
92	265
92	264
90	262
90	261
89	260
89	258
88	257
88	256
87	255
87	254
86	253
86	249
85	248
84	248
85	249
85	254
86	255
86	257
87	258
87	259
88	260
88	261
89	262
89	263
91	265
91	267
92	268
92	269
94	271
94	272
98	272
100	274
100	270
101	269
104	272
105	272
107	274
108	274
109	275
108	276
105	276
105	277
106	277
107	278
107	281
108	282
109	282
111	284
111	288
112	289
112	290
113	291
114	291
115	292
116	292
119	295
120	295
117	292
118	291
119	291
120	292
122	292
124	294
124	295
127	298
127	299
128	299
130	301
130	302
134	306
134	307
135	307
137	309
138	309
139	310
140	310
146	316
147	316
148	317
148	319
145	322
144	322
143	321
144	322
143	323
143	325
144	324
145	324
146	325
145	326
146	327
146	329
147	330
149	330
146	327
147	326
147	325
148	324
150	324
151	325
152	325
153	326
153	330
154	329
156	329
157	328
160	331
160	332
159	333
162	333
164	335
166	335
167	336
169	336
170	337
170	338
172	340
173	340
176	343
177	343
178	344
180	344
181	345
182	345
183	346
188	346
189	347
189	348
188	349
187	348
181	348
180	347
179	347
178	346
175	346
174	347
175	347
176	348
179	348
180	349
184	349
185	350
188	350
189	351
195	351
196	350
197	350
197	348
198	347
201	347
202	346
203	346
204	347
218	347
219	346
221	346
222	345
223	346
230	346
231	347
232	347
233	346
236	346
237	345
242	345
243	344
247	344
248	343
251	343
253	341
255	341
256	340
257	340
259	338
265	338
266	337
267	337
268	336
271	336
274	333
276	333
277	332
279	332
280	331
281	331
284	328
286	328
287	327
288	327
291	324
292	324
296	320
298	320
299	319
300	319
301	318
302	318
303	317
304	317
304	316
305	315
309	315
309	314
319	304
320	304
321	303
321	302
322	301
322	300
321	299
321	297
321	298
320	299
320	300
319	301
319	302
318	303
316	303
313	306
312	306
310	308
309	308
308	309
308	310
307	311
306	311
305	312
304	312
302	314
301	314
300	315
299	315
297	317
296	317
295	318
294	318
292	320
291	320
291	321
290	322
289	322
288	323
287	323
286	324
285	324
283	326
282	326
281	327
279	327
279	328
278	329
276	329
275	330
274	330
273	331
272	330
271	331
271	332
270	333
267	333
266	334
263	334
262	335
261	335
260	336
257	336
256	337
255	337
254	338
253	338
252	339
250	339
249	340
247	340
246	341
240	341
238	343
236	343
235	342
234	342
232	340
233	339
231	341
230	341
229	342
226	342
225	341
225	340
226	339
227	339
225	339
224	338
222	340
219	340
218	341
217	341
216	342
215	342
214	343
213	343
212	344
208	344
207	345
205	345
204	346
201	346
200	345
200	344
194	344
193	343
193	342
194	341
195	341
195	338
196	337
199	337
200	338
201	337
207	337
208	336
209	336
210	337
211	337
212	338
213	338
215	340
215	338
216	337
218	337
219	336
220	337
221	336
235	336
236	335
237	335
238	336
240	336
242	334
248	334
249	333
253	333
254	332
255	332
257	330
258	330
260	328
261	328
262	327
265	327
266	326
270	326
269	325
270	324
273	324
274	323
275	323
276	322
278	322
282	318
283	318
284	317
285	317
287	315
288	315
289	314
291	314
293	312
295	312
296	311
296	310
298	308
299	308
300	307
301	308
301	309
300	310
299	310
299	311
303	307
304	307
304	306
312	298
313	299
314	299
314	297
315	296
319	296
319	295
317	295
316	294
316	292
318	290
319	291
319	292
318	293
319	293
321	291
321	288
322	287
322	284
325	281
325	280
328	277
328	275
331	272
331	269
334	266
333	265
334	264
334	261
335	260
335	259
336	258
337	259
337	261
337	260
338	259
336	257
337	256
337	255
338	254
338	253
339	252
339	250
340	249
340	248
341	247
341	245
340	244
340	242
339	241
339	240
340	239
340	233
339	232
339	229
340	228
341	228
342	229
342	230
342	229
340	227
340	224
337	221
337	220
338	219
338	200
339	199
340	199
341	200
341	199
340	198
340	197
339	196
339	194
338	193
338	192
340	190
340	183
339	182
339	175
338	174
337	175
336	174
336	172
334	170
334	169
335	168
336	168
336	165
335	164
335	156
334	155
334	152
333	151
333	150
332	149
332	147
331	146
331	144
329	142
329	141
327	139
327	138
326	137
326	136
325	136
324	135
321	135
320	134
320	133
319	132
318	132
317	131
317	129
318	128
318	127
316	125
315	125
314	124
314	123
313	123
311	121
311	119
310	119
309	118
309	117
306	114
306	113
305	113
304	112
304	110
303	110
302	109
303	108
304	108
302	106
301	106
299	104
297	104
296	103
296	102
295	101
293	101
289	97
288	97
283	92
283	91
281	89
280	89
275	84
275	80
274	79
274	77
273	76
272	76
271	75
271	74
267	74
266	75
265	74
264	74
263	73
263	72
260	69
259	69
256	66
255	66
254	65
254	64
253	63
253	62
252	61
252	60
251	59
250	59
250	60
251	61
251	62
250	63
248	61
246	61
245	60
243	60
242	59
243	58
244	58
244	57
242	57
241	56
239	56
238	55
238	54
236	54
235	53
233	53
232	52
232	51
231	50
229	50
228	49
224	49
223	48
217	48
214	51
203	51
202	50
197	50
196	49
193	49
191	47
182	47
180	49
179	49
178	50
176	50
175	51
176	52
175	53
173	53
172	54
173	55
172	56
167	56
166	57
164	57
162	59
159	59
157	61
152	61
152	62
151	63
140	63
139	64
137	64
136	65
132	65
131	66
130	66
127	69
125	69
122	72
121	72
118	75
118	76
114	80
114	81
112	83
111	83
108	86
107	86
107	87
106	88
106	89
102	93
101	93
100	94
99	94
96	97
95	97
93	99
92	99
90	101
89	101
85	105
85	106
82	109
82	110
77	115
77	116
76	117
76	122
75	123
75	126
74	127
74	130
73	131
73	134
71	136
71	137
70	138
69	138
68	139
68	141
64	145
64	152
65	153
65	154
64	155
64	156
63	157
63	160
64	161
64	166
63	167
63	174
64	173
66	175
66	178
67	179
67	180
68	181
68	182
69	183
68	184
68	188
68	186
69	185
70	186
70	188
71	189
71	191
72	192
72	193
74	195
74	197
75	198
75	199
76	200
76	202
77	203
77	205
78	206
78	208
79	208
80	209
80	211
81	212
81	214
82	215
82	217
83	217
84	218
84	222
85	223
85	226
87	228
87	234
88	235
88	236
89	237
89	238
88	239
87	239
86	240
86	242
87	243
87	245
87	241
88	240
89	241
89	242
90	243
90	246
91	247
91	248
90	249
90	255
91	256
91	257
92	258
92	260
93	261
93	262
95	264
95	266
97	268
97	270
96	271
95	271
94	270
95	269
93	267
93	266
92	265
92	264
90	262
90	261
89	260
89	258
88	257
88	256
87	255
87	254
86	253
86	249
85	248
84	248
85	249
85	254
86	255
86	257
87	258
87	259
88	260
88	261
89	262
89	263
91	265
91	267
92	268
92	269
94	271
94	272
98	272
100	274
100	270
101	269
104	272
105	272
107	274
108	274
109	275
108	276
105	276
105	277
106	277
107	278
107	281
108	282
109	282
111	284
111	288
112	289
112	290
113	291
114	291
115	292
116	292
119	295
120	295
117	292
118	291
119	291
120	292
122	292
124	294
124	295
127	298
127	299
128	299
130	301
130	302
134	306
134	307
135	307
137	309
138	309
139	310
140	310
146	316
147	316
148	317
148	319
145	322
144	322
143	321
144	322
143	323
143	325
144	324
145	324
146	325
145	326
146	327
146	329
147	330
149	330
146	327
147	326
147	325
148	324
150	324
151	325
152	325
153	326
153	330
154	329
156	329
157	328
160	331
160	332
159	333
162	333
164	335
166	335
167	336
169	336
170	337
170	338
172	340
173	340
176	343
177	343
178	344
180	344
181	345
182	345
183	346
188	346
189	347
189	348
188	349
187	348
181	348
180	347
179	347
178	346
175	346
174	347
175	347
176	348
179	348
180	349
184	349
185	350
188	350
189	351
195	351
196	350
197	350
197	348
198	347
201	347
202	346
203	346
204	347
218	347
219	346
221	346
222	345
223	346
230	346
231	347
232	347
233	346
236	346
237	345
242	345
243	344
247	344
248	343
251	343
253	341
255	341
256	340
257	340
259	338
265	338
266	337
267	337
268	336
271	336
274	333
276	333
277	332
279	332
280	331
281	331
284	328
286	328
287	327
288	327
291	324
292	324
296	320
298	320
299	319
300	319
301	318
302	318
303	317
304	317
304	316
305	315
309	315
309	314
319	304
320	304
321	303
321	302
322	301
322	300
321	299
321	297
321	298
320	299
320	300
319	301
319	302
318	303
316	303
313	306
312	306
310	308
309	308
308	309
308	310
307	311
306	311
305	312
304	312
302	314
301	314
300	315
299	315
297	317
296	317
295	318
294	318
292	320
291	320
291	321
290	322
289	322
288	323
287	323
286	324
285	324
283	326
282	326
281	327
279	327
279	328
278	329
276	329
275	330
274	330
273	331
272	330
271	331
271	332
270	333
267	333
266	334
263	334
262	335
261	335
260	336
257	336
256	337
255	337
254	338
253	338
252	339
250	339
249	340
247	340
246	341
240	341
238	343
236	343
235	342
234	342
232	340
233	339
231	341
230	341
229	342
226	342
225	341
225	340
226	339
227	339
225	339
224	338
222	340
219	340
218	341
217	341
216	342
215	342
214	343
213	343
212	344
208	344
207	345
205	345
204	346
201	346
200	345
200	344
194	344
193	343
193	342
194	341
195	341
195	338
196	337
199	337
200	338
201	337
207	337
208	336
209	336
210	337
211	337
212	338
213	338
215	340
215	338
216	337
218	337
219	336
220	337
221	336
235	336
236	335
237	335
238	336
240	336
242	334
248	334
249	333
253	333
254	332
255	332
257	330
258	330
260	328
261	328
262	327
265	327
266	326
270	326
269	325
270	324
273	324
274	323
275	323
276	322
278	322
282	318
283	318
284	317
285	317
287	315
288	315
289	314
291	314
293	312
295	312
296	311
296	310
298	308
299	308
300	307
301	308
301	309
300	310
299	310
299	311
303	307
304	307
304	306
312	298
313	299
314	299
314	297
315	296
319	296
319	295
317	295
316	294
316	292
318	290
319	291
319	292
318	293
319	293
321	291
321	288
322	287
322	284
325	281
325	280
328	277
328	275
331	272
331	269
334	266
333	265
334	264
334	261
335	260
335	259
336	258
337	259
337	261
337	260
338	259
336	257
337	256
337	255
338	254
338	253
339	252
339	250
340	249
340	248
341	247
341	245
340	244
340	242
339	241
339	240
340	239
340	233
339	232
339	229
340	228
341	228
342	229
342	230
342	229
340	227
340	224
337	221
337	220
338	219
338	200
339	199
340	199
341	200
341	199
340	198
340	197
339	196
339	194
338	193
338	192
340	190
340	183
339	182
339	175
338	174
337	175
336	174
336	172
334	170
334	169
335	168
336	168
336	165
335	164
335	156
334	155
334	152
333	151
333	150
332	149
332	147
331	146
331	144
329	142
329	141
327	139
327	138
326	137
326	136
325	136
324	135
321	135
320	134
320	133
319	132
318	132
317	131
317	129
318	128
318	127
316	125
315	125
314	124
314	123
313	123
311	121
311	119
310	119
309	118
309	117
306	114
306	113
305	113
304	112
304	110
303	110
302	109
303	108
304	108
302	106
301	106
299	104
297	104
296	103
296	102
295	101
293	101
289	97
288	97
283	92
283	91
281	89
280	89
275	84
275	80
274	79
274	77
273	76
272	76
271	75
271	74
267	74
266	75
265	74
264	74
263	73
263	72
260	69
259	69
256	66
255	66
254	65
254	64
253	63
253	62
252	61
252	60
251	59
250	59
250	60
251	61
251	62
250	63
248	61
246	61
245	60
243	60
242	59
243	58
244	58
244	57
242	57
241	56
239	56
238	55
238	54
236	54
235	53
233	53
232	52
232	51
231	50
229	50
228	49
224	49
223	48
217	48
214	51
203	51
202	50
197	50
196	49
193	49
191	47
