126	51
125	52
124	52
122	54
120	54
116	58
114	58
113	59
102	59
102	60
101	61
90	61
89	62
88	62
83	67
82	67
82	68
74	76
73	76
69	80
69	81
68	82
68	83
67	84
67	85
65	87
64	87
64	88
63	89
63	90
62	91
61	91
61	92
58	95
58	96
56	98
56	99
55	100
54	100
54	101
53	102
53	103
51	105
51	106
50	107
50	108
47	111
47	113
45	115
45	116
44	117
44	118
42	120
42	121
41	122
41	125
39	127
39	129
38	130
38	131
37	132
37	134
35	136
35	141
34	142
34	145
33	146
33	147
32	148
32	149
31	150
31	151
30	152
30	157
29	158
28	158
28	164
27	165
27	173
28	174
28	175
27	176
27	177
26	178
26	201
27	202
27	220
28	221
28	232
29	233
29	235
30	236
30	241
31	242
31	244
31	241
30	240
30	237
31	236
30	236
29	235
29	232
30	231
32	233
32	234
33	235
33	237
34	238
34	242
35	243
35	239
34	238
34	233
32	231
32	228
31	227
31	219
30	218
30	217
29	216
29	208
28	207
28	201
27	200
27	194
28	193
26	191
26	185
27	184
27	176
29	174
28	173
28	168
29	167
29	165
30	164
30	160
31	159
31	158
32	157
32	155
33	154
33	151
34	150
34	148
35	147
35	142
36	141
36	140
37	139
37	137
39	135
39	133
40	132
40	127
41	126
41	125
42	124
43	124
43	122
46	119
46	118
47	117
47	116
48	115
48	114
50	112
50	111
51	110
51	109
54	106
54	105
56	103
57	104
57	103
58	102
58	101
61	98
61	97
64	94
64	93
68	89
68	88
72	84
72	83
75	80
76	80
77	79
78	80
79	80
80	81
80	82
77	85
74	85
71	88
71	92
70	93
70	94
68	96
68	97
66	99
66	101
64	103
64	104
62	106
62	107
60	109
60	110
58	112
58	114
56	116
56	117
55	118
55	119
54	120
54	122
52	124
52	125
51	126
51	128
48	131
48	132
47	133
47	134
46	135
46	142
43	145
43	147
41	149
41	152
40	153
40	157
39	158
39	159
38	160
39	161
39	162
37	164
37	165
35	167
33	165
33	163
34	162
34	161
35	160
34	160
34	162
33	163
33	165
34	166
34	167
35	168
35	182
34	183
34	197
35	198
35	201
36	202
36	204
34	206
34	216
35	217
34	218
35	219
35	224
37	226
37	230
38	231
38	233
39	234
39	235
40	234
41	235
41	238
40	239
39	239
40	240
40	242
41	243
41	245
42	246
42	248
44	250
44	253
45	254
45	255
47	257
47	259
48	260
48	262
49	263
49	264
50	265
50	266
56	272
57	272
58	273
58	274
59	274
60	275
65	275
66	276
66	277
67	278
67	279
68	280
70	280
71	281
71	282
72	283
71	284
70	284
69	283
69	282
67	282
66	281
65	281
64	282
64	283
63	284
63	286
65	288
68	288
70	290
71	290
68	287
67	287
66	286
65	286
64	285
64	284
65	283
66	284
68	284
71	287
72	287
73	288
74	288
76	290
79	290
77	288
78	287
79	287
80	288
83	288
85	290
86	290
89	293
88	294
88	295
89	296
95	296
96	297
96	298
95	299
95	301
96	301
97	302
98	302
99	303
102	303
101	302
97	302
96	301
96	299
97	298
98	298
98	297
96	297
95	296
92	296
91	295
89	295
88	294
89	293
94	293
95	294
97	294
98	295
102	295
103	296
104	296
105	297
105	300
105	299
106	298
111	298
112	299
119	299
120	300
122	300
123	301
125	301
126	302
135	302
136	301
137	301
138	300
141	300
142	299
145	299
146	298
147	298
148	297
150	299
148	301
146	301
145	302
144	302
147	302
148	303
148	304
147	305
147	310
148	311
148	320
149	321
149	325
150	326
150	327
154	331
154	332
156	332
160	336
161	336
163	338
164	338
166	340
167	340
168	341
169	341
170	342
172	342
173	343
174	343
175	344
178	344
179	345
181	345
182	346
186	346
187	347
193	347
194	348
195	347
199	347
201	345
200	344
203	341
204	341
204	340
205	339
205	336
206	335
206	334
207	333
207	332
206	331
206	329
207	328
207	327
208	326
208	324
209	323
209	316
210	315
210	314
211	313
209	311
209	310
210	309
211	309
213	311
214	311
217	314
218	314
219	315
220	315
222	317
222	318
225	318
224	317
225	316
226	316
227	317
228	317
230	319
230	320
234	320
235	321
235	322
237	322
238	323
239	323
240	324
241	324
243	326
244	326
245	327
246	327
247	328
248	328
250	330
252	330
253	331
254	331
255	332
257	332
258	333
259	333
261	335
263	335
264	336
282	336
283	335
296	335
297	334
306	334
307	333
309	333
310	332
312	332
313	331
314	331
315	330
316	330
318	328
319	328
320	327
323	327
325	325
326	325
327	324
329	324
330	323
332	323
333	322
334	323
335	322
335	321
337	319
338	319
339	318
339	317
340	316
338	316
335	319
334	319
333	320
332	320
331	321
329	321
328	322
327	322
326	323
325	323
324	322
326	320
327	320
330	317
332	317
332	315
333	314
334	315
335	315
334	315
333	314
333	313
334	312
335	312
337	310
337	309
338	308
340	308
341	307
342	307
343	306
343	304
345	302
346	302
348	300
349	300
350	299
350	298
354	294
354	293
359	288
359	287
360	286
360	285
361	284
361	282
362	281
364	283
364	281
365	280
367	280
366	279
364	279
363	280
362	280
361	279
361	278
362	277
364	277
365	276
366	276
366	273
368	271
369	271
369	263
370	262
371	262
372	263
372	264
372	261
373	260
373	257
372	256
372	255
374	253
375	254
375	256
375	253
376	252
376	248
378	246
379	247
379	249
379	245
378	244
378	243
378	246
377	247
376	246
376	242
377	241
377	237
378	236
379	237
379	239
379	235
380	234
380	233
381	232
382	232
382	231
381	231
379	233
379	234
378	235
376	233
377	232
377	228
380	225
381	226
381	224
380	223
380	222
382	220
382	216
383	215
384	215
383	214
383	213
382	212
382	205
384	203
384	191
385	190
385	189
384	188
384	187
383	186
383	180
384	179
384	176
385	175
385	173
384	172
384	170
383	169
383	168
382	167
382	165
381	164
381	162
380	161
380	157
379	156
379	154
378	153
378	151
377	150
377	148
376	147
376	144
375	143
375	142
374	141
374	140
373	139
373	137
372	136
372	134
370	132
370	131
369	130
369	129
367	127
367	126
366	125
366	124
365	123
365	122
364	121
364	120
363	119
362	119
361	120
360	119
360	118
358	116
358	115
356	113
355	113
354	112
354	111
353	111
351	109
351	108
350	107
349	107
345	103
344	103
342	101
340	101
339	100
338	100
337	99
336	99
335	98
334	98
333	97
332	97
330	95
328	95
327	94
326	94
325	93
324	93
323	92
322	92
321	91
318	91
316	89
310	89
309	88
307	88
306	87
280	87
279	88
278	87
276	87
275	88
273	88
273	89
272	90
271	90
270	91
268	91
269	92
267	94
265	94
263	92
264	91
265	91
265	90
264	91
256	91
254	93
251	93
250	94
245	94
243	96
241	96
240	97
239	97
238	98
237	98
236	97
236	98
233	101
232	100
232	99
231	98
231	97
226	92
226	91
224	89
224	88
216	80
213	80
212	79
211	79
212	80
213	80
214	81
214	82
215	83
216	83
219	86
218	87
217	87
215	85
214	85
212	83
211	83
210	82
209	82
205	78
205	76
204	75
203	75
202	74
201	74
199	72
197	72
196	71
193	71
192	70
192	69
190	69
189	68
187	68
185	66
185	64
182	64
181	63
178	63
177	62
176	62
175	61
176	60
174	58
173	58
172	57
170	57
171	57
172	58
174	58
176	60
175	61
174	61
173	60
171	60
170	59
167	59
165	57
162	57
161	56
157	56
156	55
152	55
151	54
144	54
143	53
141	53
140	52
137	52
136	51
126	51
125	52
124	52
122	54
120	54
116	58
114	58
113	59
102	59
102	60
101	61
90	61
89	62
88	62
83	67
82	67
82	68
74	76
73	76
69	80
69	81
68	82
68	83
67	84
67	85
65	87
64	87
64	88
63	89
63	90
62	91
61	91
61	92
58	95
58	96
56	98
56	99
55	100
54	100
54	101
53	102
53	103
51	105
51	106
50	107
50	108
47	111
47	113
45	115
45	116
44	117
44	118
42	120
42	121
41	122
41	125
39	127
39	129
38	130
38	131
37	132
37	134
35	136
35	141
34	142
34	145
33	146
33	147
32	148
32	149
31	150
31	151
30	152
30	157
29	158
28	158
28	164
27	165
27	173
28	174
28	175
27	176
27	177
26	178
26	201
27	202
27	220
28	221
28	232
29	233
29	235
30	236
30	241
31	242
31	244
31	241
30	240
30	237
31	236
30	236
29	235
29	232
30	231
32	233
32	234
33	235
33	237
34	238
34	242
35	243
35	239
34	238
34	233
32	231
32	228
31	227
31	219
30	218
30	217
29	216
29	208
28	207
28	201
27	200
27	194
28	193
26	191
26	185
27	184
27	176
29	174
28	173
28	168
29	167
29	165
30	164
30	160
31	159
31	158
32	157
32	155
33	154
33	151
34	150
34	148
35	147
35	142
36	141
36	140
37	139
37	137
39	135
39	133
40	132
40	127
41	126
41	125
42	124
43	124
43	122
46	119
46	118
47	117
47	116
48	115
48	114
50	112
50	111
51	110
51	109
54	106
54	105
56	103
57	104
57	103
58	102
58	101
61	98
61	97
64	94
64	93
68	89
68	88
72	84
72	83
75	80
76	80
77	79
78	80
79	80
80	81
80	82
77	85
74	85
71	88
71	92
70	93
70	94
68	96
68	97
66	99
66	101
64	103
64	104
62	106
62	107
60	109
60	110
58	112
58	114
56	116
56	117
55	118
55	119
54	120
54	122
52	124
52	125
51	126
51	128
48	131
48	132
47	133
47	134
46	135
46	142
43	145
43	147
41	149
41	152
40	153
40	157
39	158
39	159
38	160
39	161
39	162
37	164
37	165
35	167
33	165
33	163
34	162
34	161
35	160
34	160
34	162
33	163
33	165
34	166
34	167
35	168
35	182
34	183
34	197
35	198
35	201
36	202
36	204
34	206
34	216
35	217
34	218
35	219
35	224
37	226
37	230
38	231
38	233
39	234
39	235
40	234
41	235
41	238
40	239
39	239
40	240
40	242
41	243
41	245
42	246
42	248
44	250
44	253
45	254
45	255
47	257
47	259
48	260
48	262
49	263
49	264
50	265
50	266
56	272
57	272
58	273
58	274
59	274
60	275
65	275
66	276
66	277
67	278
67	279
68	280
70	280
71	281
71	282
72	283
71	284
70	284
69	283
69	282
67	282
66	281
65	281
64	282
64	283
63	284
63	286
65	288
68	288
70	290
71	290
68	287
67	287
66	286
65	286
64	285
64	284
65	283
66	284
68	284
71	287
72	287
73	288
74	288
76	290
79	290
77	288
78	287
79	287
80	288
83	288
85	290
86	290
89	293
88	294
88	295
89	296
95	296
96	297
96	298
95	299
95	301
96	301
97	302
98	302
99	303
102	303
101	302
97	302
96	301
96	299
97	298
98	298
98	297
96	297
95	296
92	296
91	295
89	295
88	294
89	293
94	293
95	294
97	294
98	295
102	295
103	296
104	296
105	297
105	300
105	299
106	298
111	298
112	299
119	299
120	300
122	300
123	301
125	301
126	302
135	302
136	301
137	301
138	300
141	300
142	299
145	299
146	298
147	298
148	297
150	299
148	301
146	301
145	302
144	302
147	302
148	303
148	304
147	305
147	310
148	311
148	320
149	321
149	325
150	326
150	327
154	331
154	332
156	332
160	336
161	336
163	338
164	338
166	340
167	340
168	341
169	341
170	342
172	342
173	343
174	343
175	344
178	344
179	345
181	345
182	346
186	346
187	347
193	347
194	348
195	347
199	347
201	345
200	344
203	341
204	341
204	340
205	339
205	336
206	335
206	334
207	333
207	332
206	331
206	329
207	328
207	327
208	326
208	324
209	323
209	316
210	315
210	314
211	313
209	311
209	310
210	309
211	309
213	311
214	311
217	314
218	314
219	315
220	315
222	317
222	318
225	318
224	317
225	316
226	316
227	317
228	317
230	319
230	320
234	320
235	321
235	322
237	322
238	323
239	323
240	324
241	324
243	326
244	326
245	327
246	327
247	328
248	328
250	330
252	330
253	331
254	331
255	332
257	332
258	333
259	333
261	335
263	335
264	336
282	336
283	335
296	335
297	334
306	334
307	333
309	333
310	332
312	332
313	331
314	331
315	330
316	330
318	328
319	328
320	327
323	327
325	325
326	325
327	324
329	324
330	323
332	323
333	322
334	323
335	322
335	321
337	319
338	319
339	318
339	317
340	316
338	316
335	319
334	319
333	320
332	320
331	321
329	321
328	322
327	322
326	323
325	323
324	322
326	320
327	320
330	317
332	317
332	315
333	314
334	315
335	315
334	315
333	314
333	313
334	312
335	312
337	310
337	309
338	308
340	308
341	307
342	307
343	306
343	304
345	302
346	302
348	300
349	300
350	299
350	298
354	294
354	293
359	288
359	287
360	286
360	285
361	284
361	282
362	281
364	283
364	281
365	280
367	280
366	279
364	279
363	280
362	280
361	279
361	278
362	277
364	277
365	276
366	276
366	273
368	271
369	271
369	263
370	262
371	262
372	263
372	264
372	261
373	260
373	257
372	256
372	255
374	253
375	254
375	256
375	253
376	252
376	248
378	246
379	247
379	249
379	245
378	244
378	243
378	246
377	247
376	246
376	242
377	241
377	237
378	236
379	237
379	239
379	235
380	234
380	233
381	232
382	232
382	231
381	231
379	233
379	234
378	235
376	233
377	232
377	228
380	225
381	226
381	224
380	223
380	222
382	220
382	216
383	215
384	215
383	214
383	213
382	212
382	205
384	203
384	191
385	190
385	189
384	188
384	187
383	186
383	180
384	179
384	176
385	175
385	173
384	172
384	170
383	169
383	168
382	167
382	165
381	164
381	162
380	161
380	157
379	156
379	154
378	153
378	151
377	150
377	148
376	147
376	144
375	143
375	142
374	141
374	140
373	139
373	137
372	136
372	134
370	132
370	131
369	130
369	129
367	127
367	126
366	125
366	124
365	123
365	122
364	121
364	120
363	119
362	119
361	120
360	119
360	118
358	116
358	115
356	113
355	113
354	112
354	111
353	111
351	109
351	108
350	107
349	107
345	103
344	103
342	101
340	101
339	100
338	100
337	99
336	99
335	98
334	98
333	97
332	97
330	95
328	95
327	94
326	94
325	93
324	93
323	92
322	92
321	91
318	91
316	89
310	89
309	88
307	88
306	87
280	87
279	88
278	87
276	87
275	88
273	88
273	89
272	90
271	90
270	91
268	91
269	92
267	94
265	94
263	92
264	91
265	91
265	90
264	91
256	91
254	93
251	93
250	94
245	94
243	96
241	96
240	97
239	97
238	98
237	98
236	97
236	98
233	101
232	100
232	99
231	98
231	97
226	92
226	91
224	89
224	88
216	80
213	80
212	79
211	79
212	80
213	80
214	81
214	82
215	83
216	83
219	86
218	87
217	87
215	85
214	85
212	83
211	83
210	82
209	82
205	78
205	76
204	75
203	75
202	74
201	74
199	72
197	72
196	71
193	71
192	70
192	69
190	69
189	68
187	68
185	66
185	64
182	64
181	63
178	63
177	62
176	62
175	61
176	60
174	58
173	58
172	57
170	57
171	57
172	58
174	58
176	60
175	61
174	61
173	60
171	60
170	59
167	59
165	57
162	57
161	56
157	56
156	55
152	55
151	54
144	54
143	53
141	53
140	52
137	52
136	51
126	51
125	52
124	52
122	54
120	54
116	58
114	58
113	59
102	59
102	60
101	61
90	61
89	62
88	62
83	67
82	67
82	68
74	76
73	76
69	80
69	81
68	82
68	83
67	84
67	85
65	87
64	87
64	88
63	89
63	90
62	91
61	91
61	92
58	95
58	96
56	98
56	99
55	100
54	100
54	101
53	102
53	103
51	105
51	106
50	107
50	108
47	111
47	113
45	115
45	116
44	117
44	118
42	120
42	121
41	122
41	125
39	127
39	129
38	130
38	131
37	132
37	134
35	136
35	141
34	142
34	145
33	146
33	147
32	148
32	149
31	150
31	151
30	152
30	157
29	158
28	158
28	164
27	165
27	173
28	174
28	175
27	176
27	177
26	178
26	201
27	202
27	220
28	221
28	232
29	233
29	235
30	236
30	241
31	242
31	244
31	241
30	240
30	237
31	236
30	236
29	235
29	232
30	231
32	233
32	234
33	235
33	237
34	238
34	242
35	243
35	239
34	238
34	233
32	231
32	228
31	227
31	219
30	218
30	217
29	216
29	208
28	207
28	201
27	200
27	194
28	193
26	191
26	185
27	184
27	176
29	174
28	173
28	168
29	167
29	165
30	164
30	160
31	159
31	158
32	157
32	155
33	154
33	151
34	150
34	148
35	147
35	142
36	141
36	140
37	139
37	137
39	135
39	133
40	132
40	127
41	126
41	125
42	124
43	124
43	122
46	119
46	118
47	117
47	116
48	115
48	114
50	112
50	111
51	110
51	109
54	106
54	105
56	103
57	104
57	103
58	102
58	101
61	98
61	97
64	94
64	93
68	89
68	88
72	84
72	83
75	80
76	80
77	79
78	80
79	80
80	81
80	82
77	85
74	85
71	88
71	92
70	93
70	94
68	96
68	97
66	99
66	101
64	103
64	104
62	106
62	107
60	109
60	110
58	112
58	114
56	116
56	117
55	118
55	119
54	120
54	122
52	124
52	125
51	126
51	128
48	131
48	132
47	133
47	134
46	135
46	142
43	145
43	147
41	149
41	152
40	153
40	157
39	158
39	159
38	160
39	161
39	162
37	164
37	165
35	167
33	165
33	163
34	162
34	161
35	160
34	160
34	162
33	163
33	165
34	166
34	167
35	168
35	182
34	183
34	197
35	198
35	201
36	202
36	204
34	206
34	216
35	217
34	218
35	219
35	224
37	226
37	230
38	231
38	233
39	234
39	235
40	234
41	235
41	238
40	239
39	239
40	240
40	242
41	243
41	245
42	246
42	248
44	250
44	253
45	254
45	255
47	257
47	259
48	260
48	262
49	263
49	264
50	265
50	266
56	272
57	272
58	273
58	274
59	274
60	275
65	275
66	276
66	277
67	278
67	279
68	280
70	280
71	281
71	282
72	283
71	284
70	284
69	283
69	282
67	282
66	281
65	281
64	282
64	283
63	284
63	286
65	288
68	288
70	290
71	290
68	287
67	287
66	286
65	286
64	285
64	284
65	283
66	284
68	284
71	287
72	287
73	288
74	288
76	290
79	290
77	288
78	287
79	287
80	288
83	288
85	290
86	290
89	293
88	294
88	295
89	296
95	296
96	297
96	298
95	299
95	301
96	301
97	302
98	302
99	303
102	303
101	302
97	302
96	301
96	299
97	298
98	298
98	297
96	297
95	296
92	296
91	295
89	295
88	294
89	293
94	293
95	294
97	294
98	295
102	295
103	296
104	296
105	297
105	300
105	299
106	298
111	298
112	299
119	299
120	300
122	300
123	301
125	301
126	302
135	302
136	301
137	301
138	300
141	300
142	299
145	299
146	298
147	298
148	297
150	299
148	301
146	301
145	302
144	302
147	302
148	303
148	304
147	305
147	310
148	311
148	320
149	321
149	325
150	326
150	327
154	331
154	332
156	332
160	336
161	336
163	338
164	338
166	340
167	340
168	341
169	341
170	342
172	342
173	343
174	343
175	344
178	344
179	345
181	345
182	346
186	346
187	347
193	347
194	348
195	347
199	347
201	345
200	344
203	341
204	341
204	340
205	339
205	336
206	335
206	334
207	333
207	332
206	331
206	329
207	328
207	327
208	326
208	324
209	323
209	316
210	315
210	314
211	313
209	311
209	310
210	309
211	309
213	311
214	311
217	314
218	314
219	315
220	315
222	317
222	318
225	318
224	317
225	316
226	316
227	317
228	317
230	319
230	320
234	320
235	321
235	322
237	322
238	323
239	323
240	324
241	324
243	326
244	326
245	327
246	327
247	328
248	328
250	330
252	330
253	331
254	331
255	332
257	332
258	333
259	333
261	335
263	335
264	336
282	336
283	335
296	335
297	334
306	334
307	333
309	333
310	332
312	332
313	331
314	331
315	330
316	330
318	328
319	328
320	327
323	327
325	325
326	325
327	324
329	324
330	323
332	323
333	322
334	323
335	322
335	321
337	319
338	319
339	318
339	317
340	316
338	316
335	319
334	319
333	320
332	320
331	321
329	321
328	322
327	322
326	323
325	323
324	322
326	320
327	320
330	317
332	317
332	315
333	314
334	315
335	315
334	315
333	314
333	313
334	312
335	312
337	310
337	309
338	308
340	308
341	307
342	307
343	306
343	304
345	302
346	302
348	300
349	300
350	299
350	298
354	294
354	293
359	288
359	287
360	286
360	285
361	284
361	282
362	281
364	283
364	281
365	280
367	280
366	279
364	279
363	280
362	280
361	279
361	278
362	277
364	277
365	276
366	276
366	273
368	271
369	271
369	263
370	262
371	262
372	263
372	264
372	261
373	260
373	257
372	256
372	255
374	253
375	254
375	256
375	253
376	252
376	248
378	246
379	247
379	249
379	245
378	244
378	243
378	246
377	247
376	246
376	242
377	241
377	237
378	236
379	237
379	239
379	235
380	234
380	233
381	232
382	232
382	231
381	231
379	233
379	234
378	235
376	233
377	232
377	228
380	225
381	226
381	224
380	223
380	222
382	220
382	216
383	215
384	215
383	214
383	213
382	212
382	205
384	203
384	191
385	190
385	189
384	188
384	187
383	186
383	180
384	179
384	176
385	175
385	173
384	172
384	170
383	169
383	168
382	167
382	165
381	164
381	162
380	161
380	157
379	156
379	154
378	153
378	151
377	150
377	148
376	147
376	144
375	143
375	142
374	141
374	140
373	139
373	137
372	136
372	134
370	132
370	131
369	130
369	129
367	127
367	126
366	125
366	124
365	123
365	122
364	121
364	120
363	119
362	119
361	120
360	119
360	118
358	116
358	115
356	113
355	113
354	112
354	111
353	111
351	109
351	108
350	107
349	107
345	103
344	103
342	101
340	101
339	100
338	100
337	99
336	99
335	98
334	98
333	97
332	97
330	95
328	95
327	94
326	94
325	93
324	93
323	92
322	92
321	91
318	91
316	89
310	89
309	88
307	88
306	87
280	87
279	88
278	87
276	87
275	88
273	88
273	89
272	90
271	90
270	91
268	91
269	92
267	94
265	94
263	92
264	91
265	91
265	90
264	91
256	91
254	93
251	93
250	94
245	94
243	96
241	96
240	97
239	97
238	98
237	98
236	97
236	98
233	101
232	100
232	99
231	98
231	97
226	92
226	91
224	89
224	88
216	80
213	80
212	79
211	79
212	80
213	80
214	81
214	82
215	83
216	83
219	86
218	87
217	87
215	85
214	85
212	83
211	83
210	82
209	82
205	78
205	76
204	75
203	75
202	74
201	74
199	72
197	72
196	71
193	71
192	70
192	69
190	69
189	68
187	68
185	66
185	64
182	64
181	63
178	63
177	62
176	62
175	61
176	60
174	58
173	58
172	57
170	57
171	57
172	58
174	58
176	60
175	61
174	61
173	60
171	60
170	59
167	59
165	57
162	57
161	56
157	56
156	55
152	55
151	54
144	54
143	53
141	53
140	52
137	52
136	51
126	51
125	52
124	52
122	54
120	54
116	58
114	58
113	59
102	59
102	60
101	61
90	61
89	62
88	62
83	67
82	67
82	68
74	76
73	76
69	80
69	81
68	82
68	83
67	84
67	85
65	87
64	87
64	88
63	89
63	90
62	91
61	91
61	92
58	95
58	96
56	98
56	99
55	100
54	100
54	101
53	102
53	103
51	105
51	106
50	107
50	108
47	111
47	113
45	115
45	116
44	117
44	118
42	120
42	121
41	122
41	125
39	127
39	129
38	130
38	131
37	132
37	134
35	136
35	141
34	142
34	145
33	146
33	147
32	148
32	149
31	150
31	151
30	152
30	157
29	158
28	158
28	164
27	165
27	173
28	174
28	175
27	176
27	177
26	178
26	201
27	202
27	220
28	221
28	232
29	233
29	235
30	236
30	241
31	242
31	244
31	241
30	240
30	237
31	236
30	236
29	235
29	232
30	231
32	233
32	234
33	235
33	237
34	238
34	242
35	243
35	239
34	238
34	233
32	231
32	228
31	227
31	219
30	218
30	217
29	216
29	208
28	207
28	201
27	200
27	194
28	193
26	191
26	185
27	184
27	176
29	174
28	173
28	168
29	167
29	165
30	164
30	160
31	159
31	158
32	157
32	155
33	154
33	151
34	150
34	148
35	147
35	142
36	141
36	140
37	139
37	137
39	135
39	133
40	132
40	127
41	126
41	125
42	124
43	124
43	122
46	119
46	118
47	117
47	116
48	115
48	114
50	112
50	111
51	110
51	109
54	106
54	105
56	103
57	104
57	103
58	102
58	101
61	98
61	97
64	94
64	93
68	89
68	88
72	84
72	83
75	80
76	80
77	79
78	80
79	80
80	81
80	82
77	85
74	85
71	88
71	92
70	93
70	94
68	96
68	97
66	99
66	101
64	103
64	104
62	106
62	107
60	109
60	110
58	112
58	114
56	116
56	117
55	118
55	119
54	120
54	122
52	124
52	125
51	126
51	128
48	131
48	132
47	133
47	134
46	135
46	142
43	145
43	147
41	149
41	152
40	153
40	157
39	158
39	159
38	160
39	161
39	162
37	164
37	165
35	167
33	165
33	163
34	162
34	161
35	160
34	160
34	162
33	163
33	165
34	166
34	167
35	168
35	182
34	183
34	197
35	198
35	201
36	202
36	204
34	206
34	216
35	217
34	218
35	219
35	224
37	226
37	230
38	231
38	233
39	234
39	235
40	234
41	235
41	238
40	239
39	239
40	240
40	242
41	243
41	245
42	246
42	248
44	250
44	253
45	254
45	255
47	257
47	259
48	260
48	262
49	263
49	264
50	265
50	266
56	272
57	272
58	273
58	274
59	274
60	275
65	275
66	276
66	277
67	278
67	279
68	280
70	280
71	281
71	282
72	283
71	284
70	284
69	283
69	282
67	282
66	281
65	281
64	282
64	283
63	284
63	286
65	288
68	288
70	290
71	290
68	287
67	287
66	286
65	286
64	285
64	284
65	283
66	284
68	284
71	287
72	287
73	288
74	288
76	290
79	290
77	288
78	287
79	287
80	288
83	288
85	290
86	290
89	293
88	294
88	295
89	296
95	296
96	297
96	298
95	299
95	301
96	301
97	302
98	302
99	303
102	303
101	302
97	302
96	301
96	299
97	298
98	298
98	297
96	297
95	296
92	296
91	295
89	295
88	294
89	293
94	293
95	294
97	294
98	295
102	295
103	296
104	296
105	297
105	300
105	299
106	298
111	298
112	299
119	299
120	300
122	300
123	301
125	301
126	302
135	302
136	301
137	301
138	300
141	300
142	299
145	299
146	298
147	298
148	297
150	299
148	301
146	301
145	302
144	302
147	302
148	303
148	304
147	305
147	310
148	311
148	320
149	321
149	325
150	326
150	327
154	331
154	332
156	332
160	336
161	336
163	338
164	338
166	340
167	340
168	341
169	341
170	342
172	342
173	343
174	343
175	344
178	344
179	345
181	345
182	346
186	346
187	347
193	347
194	348
195	347
199	347
201	345
200	344
203	341
204	341
204	340
205	339
205	336
206	335
206	334
207	333
207	332
206	331
206	329
207	328
207	327
208	326
208	324
209	323
209	316
210	315
210	314
211	313
209	311
209	310
210	309
211	309
213	311
214	311
217	314
218	314
219	315
220	315
222	317
222	318
225	318
224	317
225	316
226	316
227	317
228	317
230	319
230	320
234	320
235	321
235	322
237	322
238	323
239	323
240	324
241	324
243	326
244	326
245	327
246	327
247	328
248	328
250	330
252	330
253	331
254	331
255	332
257	332
258	333
259	333
261	335
263	335
264	336
282	336
283	335
296	335
297	334
306	334
307	333
309	333
310	332
312	332
313	331
314	331
315	330
316	330
318	328
319	328
320	327
323	327
325	325
326	325
327	324
329	324
330	323
332	323
333	322
334	323
335	322
335	321
337	319
338	319
339	318
339	317
340	316
338	316
335	319
334	319
333	320
332	320
331	321
329	321
328	322
327	322
326	323
325	323
324	322
326	320
327	320
330	317
332	317
332	315
333	314
334	315
335	315
334	315
333	314
333	313
334	312
335	312
337	310
337	309
338	308
340	308
341	307
342	307
343	306
343	304
345	302
346	302
348	300
349	300
350	299
350	298
354	294
354	293
359	288
359	287
360	286
360	285
361	284
361	282
362	281
364	283
364	281
365	280
367	280
366	279
364	279
363	280
362	280
361	279
361	278
362	277
364	277
365	276
366	276
366	273
368	271
369	271
369	263
370	262
371	262
372	263
372	264
372	261
373	260
373	257
372	256
372	255
374	253
375	254
375	256
375	253
376	252
376	248
378	246
379	247
379	249
379	245
378	244
378	243
378	246
377	247
376	246
376	242
377	241
377	237
378	236
379	237
379	239
379	235
380	234
380	233
381	232
382	232
382	231
381	231
379	233
379	234
378	235
376	233
377	232
377	228
380	225
381	226
381	224
380	223
380	222
382	220
382	216
383	215
384	215
383	214
383	213
382	212
382	205
384	203
384	191
385	190
385	189
384	188
384	187
383	186
383	180
384	179
384	176
385	175
385	173
384	172
384	170
383	169
383	168
382	167
382	165
381	164
381	162
380	161
380	157
379	156
379	154
378	153
378	151
377	150
377	148
376	147
376	144
375	143
375	142
374	141
374	140
373	139
373	137
372	136
372	134
370	132
370	131
369	130
369	129
367	127
367	126
366	125
366	124
365	123
365	122
364	121
364	120
363	119
362	119
361	120
360	119
360	118
358	116
358	115
356	113
355	113
354	112
354	111
353	111
351	109
351	108
350	107
349	107
345	103
344	103
342	101
340	101
339	100
338	100
337	99
336	99
335	98
334	98
333	97
332	97
330	95
328	95
327	94
326	94
325	93
324	93
323	92
322	92
321	91
318	91
316	89
310	89
309	88
307	88
306	87
280	87
279	88
278	87
276	87
275	88
273	88
273	89
272	90
271	90
270	91
268	91
269	92
267	94
265	94
263	92
264	91
265	91
265	90
264	91
256	91
254	93
251	93
250	94
245	94
243	96
241	96
240	97
239	97
238	98
237	98
236	97
236	98
233	101
232	100
232	99
231	98
231	97
226	92
226	91
224	89
224	88
216	80
213	80
212	79
211	79
212	80
213	80
214	81
214	82
215	83
216	83
219	86
218	87
217	87
215	85
214	85
212	83
211	83
210	82
209	82
205	78
205	76
204	75
203	75
202	74
201	74
199	72
197	72
196	71
193	71
192	70
192	69
190	69
189	68
187	68
185	66
185	64
182	64
181	63
178	63
177	62
176	62
175	61
176	60
174	58
173	58
172	57
170	57
171	57
172	58
174	58
176	60
175	61
174	61
173	60
171	60
170	59
167	59
165	57
162	57
161	56
157	56
156	55
152	55
151	54
144	54
143	53
141	53
140	52
137	52
136	51
