136	40
135	41
126	41
125	42
121	42
119	44
111	44
114	44
115	45
114	46
105	46
104	47
102	47
98	51
97	51
94	54
93	54
92	55
91	55
90	56
89	56
85	60
84	60
80	64
79	64
72	71
71	71
71	72
69	74
68	74
67	75
67	76
64	79
64	80
61	83
61	84
56	89
56	90
55	91
55	92
52	95
52	98
51	99
51	100
50	101
50	103
49	104
49	105
48	106
47	106
46	107
46	108
45	109
45	111
42	114
42	115
40	117
40	118
38	120
38	126
37	127
37	128
36	129
36	130
35	131
35	133
33	135
33	137
32	138
32	140
31	141
31	143
30	144
30	145
29	146
29	148
28	149
27	148
27	147
27	149
28	150
28	178
29	179
29	180
28	181
28	182
27	183
29	185
28	186
29	187
28	188
28	195
29	196
29	202
28	203
28	211
27	212
28	213
28	218
29	219
29	223
30	224
30	225
31	226
31	229
33	231
33	234
34	235
34	236
35	237
35	240
34	241
33	240
33	238
32	237
32	236
31	235
31	234
30	233
30	231
29	230
29	228
28	227
28	225
27	224
27	220
26	219
26	218
25	218
25	220
26	221
26	225
28	227
28	230
29	231
29	232
31	234
31	237
32	238
32	240
33	241
33	243
35	245
35	246
36	247
36	248
37	249
37	250
39	252
39	253
41	255
41	256
44	259
44	264
45	265
45	266
46	267
46	268
46	267
45	266
45	264
44	263
46	261
46	260
45	259
45	258
46	257
48	259
48	260
49	260
56	267
57	267
60	270
61	270
64	273
66	273
68	275
69	275
72	278
71	279
70	279
68	277
67	278
68	279
70	279
71	280
71	281
73	281
71	279
72	278
73	278
75	280
76	280
77	281
78	281
81	284
83	284
84	285
86	285
87	286
89	286
90	287
91	287
92	288
94	288
95	289
96	289
98	291
101	291
102	292
107	292
108	293
113	293
114	294
120	294
122	296
124	296
126	294
134	294
134	293
135	292
136	293
138	293
139	292
140	292
141	291
144	291
145	290
146	290
147	291
147	295
146	296
146	302
145	303
145	304
146	305
146	310
145	311
145	318
146	319
146	320
147	321
147	322
151	326
151	327
152	328
153	328
155	330
156	330
159	333
160	333
162	335
163	335
164	336
165	336
166	337
168	337
169	338
171	338
172	339
174	339
175	340
178	340
179	341
188	341
189	342
190	341
191	341
192	342
193	342
194	341
195	341
195	340
197	338
197	337
198	336
198	335
199	334
199	333
200	332
200	330
202	328
202	327
204	325
204	322
205	321
205	316
206	315
206	312
208	310
208	305
209	304
210	304
212	306
213	306
215	308
216	308
216	307
217	306
218	306
219	307
220	307
222	309
222	310
223	311
223	312
224	313
225	313
228	316
229	316
231	318
232	318
233	319
234	319
235	320
236	320
237	321
235	323
234	323
235	324
235	326
236	327
236	328
235	329
236	330
236	336
237	337
237	338
238	339
238	340
242	344
243	344
244	345
244	346
245	346
246	347
247	347
248	348
248	347
247	346
245	346
241	342
240	342
239	341
239	339
240	338
242	340
241	339
241	338
240	337
240	336
238	334
238	326
236	324
236	323
237	322
238	322
240	324
241	324
243	326
243	328
242	329
242	331
243	332
243	334
244	335
244	336
246	336
247	337
247	338
249	340
249	339
248	338
248	337
247	336
248	335
251	335
252	336
254	336
256	334
255	333
255	332
256	331
259	331
260	332
261	332
262	333
263	333
264	334
264	337
265	337
265	336
267	334
271	334
272	335
275	335
276	336
286	336
285	335
284	335
283	334
284	333
286	333
287	334
301	334
303	332
304	332
304	330
305	329
306	330
309	330
310	329
311	329
312	328
313	328
314	327
317	327
318	326
320	326
321	325
323	325
325	323
326	323
327	322
328	322
329	321
330	321
331	320
333	320
334	319
334	318
336	316
338	316
339	315
340	315
341	314
344	314
344	312
345	311
346	311
346	310
347	309
348	309
350	307
353	307
354	306
354	305
355	304
356	304
357	303
358	303
358	302
359	301
361	301
362	300
361	299
360	300
359	299
358	299
356	301
357	302
356	303
355	303
354	302
353	303
352	303
349	306
348	306
344	310
343	310
342	311
341	311
338	314
337	314
336	315
335	315
334	314
337	311
338	311
340	309
341	309
345	305
346	305
348	303
349	303
357	295
358	295
359	296
360	296
359	296
358	295
358	294
360	292
360	291
362	289
362	288
366	284
366	283
369	280
369	278
370	277
370	276
372	274
372	273
374	271
374	270
375	269
375	267
376	266
376	265
378	263
378	260
380	258
380	256
381	255
381	253
382	252
382	251
383	250
383	248
384	247
384	245
385	244
385	241
386	240
386	239
387	238
387	237
386	236
386	234
387	233
388	233
388	230
389	229
389	226
390	225
390	221
391	220
391	214
392	213
392	194
391	193
391	181
390	180
390	175
389	174
389	170
388	169
388	166
387	165
387	164
386	163
386	159
385	158
385	156
384	155
384	153
383	152
383	150
382	149
382	146
383	145
385	147
385	151
386	152
386	154
387	155
387	156
388	157
388	160
389	161
389	162
390	163
390	166
391	167
391	168
392	169
392	176
393	177
393	179
394	180
394	189
395	190
395	196
395	188
396	187
396	184
395	183
395	174
394	173
394	169
393	168
393	167
392	166
392	162
391	161
391	158
390	157
390	154
389	153
389	151
388	150
388	148
387	147
387	146
386	145
386	143
385	143
384	142
384	141
383	140
383	139
382	138
382	136
381	137
381	139
382	140
382	143
381	144
380	143
380	142
379	141
379	140
377	138
377	137
376	136
376	135
375	134
375	133
374	132
374	131
373	130
373	129
371	127
371	126
370	125
370	124
369	124
368	123
368	122
366	120
365	120
363	118
360	118
356	114
355	114
352	111
350	111
348	109
347	109
346	108
345	108
341	104
340	104
339	103
337	103
335	101
329	101
327	99
326	99
325	98
322	98
321	97
320	97
319	96
319	94
317	94
316	93
317	92
322	92
323	93
324	92
327	92
325	92
324	91
323	91
322	90
321	90
320	89
321	88
323	88
323	87
317	87
319	87
320	88
319	89
315	89
314	88
311	88
310	89
308	89
307	88
304	88
300	92
295	92
294	91
286	91
285	92
276	92
275	93
274	93
273	94
272	94
271	95
267	95
266	96
263	96
262	97
261	97
260	98
259	98
258	99
257	99
256	100
255	100
254	101
252	101
251	102
250	102
248	104
247	104
245	106
244	106
242	108
241	108
240	109
236	109
236	110
233	113
233	114
232	115
231	115
230	114
230	113
231	112
227	112
226	111
226	105
224	103
224	101
223	100
223	99
222	98
222	96
219	93
219	92
218	91
218	88
217	87
216	87
213	84
210	84
209	83
208	83
207	82
207	81
208	80
209	81
210	81
210	80
209	79
208	79
207	78
206	78
205	77
205	75
203	75
202	74
202	72
201	71
200	71
197	68
197	67
195	65
195	64
194	63
194	62
192	60
191	60
189	58
187	58
186	57
185	57
184	56
177	56
174	53
170	53
169	52
168	52
166	50
165	50
164	49
163	49
162	48
161	48
159	46
158	46
157	45
156	45
155	44
153	44
151	42
149	42
147	40
136	40
135	41
126	41
125	42
121	42
119	44
111	44
114	44
115	45
114	46
105	46
104	47
102	47
98	51
97	51
94	54
93	54
92	55
91	55
90	56
89	56
85	60
84	60
80	64
79	64
72	71
71	71
71	72
69	74
68	74
67	75
67	76
64	79
64	80
61	83
61	84
56	89
56	90
55	91
55	92
52	95
52	98
51	99
51	100
50	101
50	103
49	104
49	105
48	106
47	106
46	107
46	108
45	109
45	111
42	114
42	115
40	117
40	118
38	120
38	126
37	127
37	128
36	129
36	130
35	131
35	133
33	135
33	137
32	138
32	140
31	141
31	143
30	144
30	145
29	146
29	148
28	149
27	148
27	147
27	149
28	150
28	178
29	179
29	180
28	181
28	182
27	183
29	185
28	186
29	187
28	188
28	195
29	196
29	202
28	203
28	211
27	212
28	213
28	218
29	219
29	223
30	224
30	225
31	226
31	229
33	231
33	234
34	235
34	236
35	237
35	240
34	241
33	240
33	238
32	237
32	236
31	235
31	234
30	233
30	231
29	230
29	228
28	227
28	225
27	224
27	220
26	219
26	218
25	218
25	220
26	221
26	225
28	227
28	230
29	231
29	232
31	234
31	237
32	238
32	240
33	241
33	243
35	245
35	246
36	247
36	248
37	249
37	250
39	252
39	253
41	255
41	256
44	259
44	264
45	265
45	266
46	267
46	268
46	267
45	266
45	264
44	263
46	261
46	260
45	259
45	258
46	257
48	259
48	260
49	260
56	267
57	267
60	270
61	270
64	273
66	273
68	275
69	275
72	278
71	279
70	279
68	277
67	278
68	279
70	279
71	280
71	281
73	281
71	279
72	278
73	278
75	280
76	280
77	281
78	281
81	284
83	284
84	285
86	285
87	286
89	286
90	287
91	287
92	288
94	288
95	289
96	289
98	291
101	291
102	292
107	292
108	293
113	293
114	294
120	294
122	296
124	296
126	294
134	294
134	293
135	292
136	293
138	293
139	292
140	292
141	291
144	291
145	290
146	290
147	291
147	295
146	296
146	302
145	303
145	304
146	305
146	310
145	311
145	318
146	319
146	320
147	321
147	322
151	326
151	327
152	328
153	328
155	330
156	330
159	333
160	333
162	335
163	335
164	336
165	336
166	337
168	337
169	338
171	338
172	339
174	339
175	340
178	340
179	341
188	341
189	342
190	341
191	341
192	342
193	342
194	341
195	341
195	340
197	338
197	337
198	336
198	335
199	334
199	333
200	332
200	330
202	328
202	327
204	325
204	322
205	321
205	316
206	315
206	312
208	310
208	305
209	304
210	304
212	306
213	306
215	308
216	308
216	307
217	306
218	306
219	307
220	307
222	309
222	310
223	311
223	312
224	313
225	313
228	316
229	316
231	318
232	318
233	319
234	319
235	320
236	320
237	321
235	323
234	323
235	324
235	326
236	327
236	328
235	329
236	330
236	336
237	337
237	338
238	339
238	340
242	344
243	344
244	345
244	346
245	346
246	347
247	347
248	348
248	347
247	346
245	346
241	342
240	342
239	341
239	339
240	338
242	340
241	339
241	338
240	337
240	336
238	334
238	326
236	324
236	323
237	322
238	322
240	324
241	324
243	326
243	328
242	329
242	331
243	332
243	334
244	335
244	336
246	336
247	337
247	338
249	340
249	339
248	338
248	337
247	336
248	335
251	335
252	336
254	336
256	334
255	333
255	332
256	331
259	331
260	332
261	332
262	333
263	333
264	334
264	337
265	337
265	336
267	334
271	334
272	335
275	335
276	336
286	336
285	335
284	335
283	334
284	333
286	333
287	334
301	334
303	332
304	332
304	330
305	329
306	330
309	330
310	329
311	329
312	328
313	328
314	327
317	327
318	326
320	326
321	325
323	325
325	323
326	323
327	322
328	322
329	321
330	321
331	320
333	320
334	319
334	318
336	316
338	316
339	315
340	315
341	314
344	314
344	312
345	311
346	311
346	310
347	309
348	309
350	307
353	307
354	306
354	305
355	304
356	304
357	303
358	303
358	302
359	301
361	301
362	300
361	299
360	300
359	299
358	299
356	301
357	302
356	303
355	303
354	302
353	303
352	303
349	306
348	306
344	310
343	310
342	311
341	311
338	314
337	314
336	315
335	315
334	314
337	311
338	311
340	309
341	309
345	305
346	305
348	303
349	303
357	295
358	295
359	296
360	296
359	296
358	295
358	294
360	292
360	291
362	289
362	288
366	284
366	283
369	280
369	278
370	277
370	276
372	274
372	273
374	271
374	270
375	269
375	267
376	266
376	265
378	263
378	260
380	258
380	256
381	255
381	253
382	252
382	251
383	250
383	248
384	247
384	245
385	244
385	241
386	240
386	239
387	238
387	237
386	236
386	234
387	233
388	233
388	230
389	229
389	226
390	225
390	221
391	220
391	214
392	213
392	194
391	193
391	181
390	180
390	175
389	174
389	170
388	169
388	166
387	165
387	164
386	163
386	159
385	158
385	156
384	155
384	153
383	152
383	150
382	149
382	146
383	145
385	147
385	151
386	152
386	154
387	155
387	156
388	157
388	160
389	161
389	162
390	163
390	166
391	167
391	168
392	169
392	176
393	177
393	179
394	180
394	189
395	190
395	196
395	188
396	187
396	184
395	183
395	174
394	173
394	169
393	168
393	167
392	166
392	162
391	161
391	158
390	157
390	154
389	153
389	151
388	150
388	148
387	147
387	146
386	145
386	143
385	143
384	142
384	141
383	140
383	139
382	138
382	136
381	137
381	139
382	140
382	143
381	144
380	143
380	142
379	141
379	140
377	138
377	137
376	136
376	135
375	134
375	133
374	132
374	131
373	130
373	129
371	127
371	126
370	125
370	124
369	124
368	123
368	122
366	120
365	120
363	118
360	118
356	114
355	114
352	111
350	111
348	109
347	109
346	108
345	108
341	104
340	104
339	103
337	103
335	101
329	101
327	99
326	99
325	98
322	98
321	97
320	97
319	96
319	94
317	94
316	93
317	92
322	92
323	93
324	92
327	92
325	92
324	91
323	91
322	90
321	90
320	89
321	88
323	88
323	87
317	87
319	87
320	88
319	89
315	89
314	88
311	88
310	89
308	89
307	88
304	88
300	92
295	92
294	91
286	91
285	92
276	92
275	93
274	93
273	94
272	94
271	95
267	95
266	96
263	96
262	97
261	97
260	98
259	98
258	99
257	99
256	100
255	100
254	101
252	101
251	102
250	102
248	104
247	104
245	106
244	106
242	108
241	108
240	109
236	109
236	110
233	113
233	114
232	115
231	115
230	114
230	113
231	112
227	112
226	111
226	105
224	103
224	101
223	100
223	99
222	98
222	96
219	93
219	92
218	91
218	88
217	87
216	87
213	84
210	84
209	83
208	83
207	82
207	81
208	80
209	81
210	81
210	80
209	79
208	79
207	78
206	78
205	77
205	75
203	75
202	74
202	72
201	71
200	71
197	68
197	67
195	65
195	64
194	63
194	62
192	60
191	60
189	58
187	58
186	57
185	57
184	56
177	56
174	53
170	53
169	52
168	52
166	50
165	50
164	49
163	49
162	48
161	48
159	46
158	46
157	45
156	45
155	44
153	44
151	42
149	42
147	40
136	40
135	41
126	41
125	42
121	42
119	44
111	44
114	44
115	45
114	46
105	46
104	47
102	47
98	51
97	51
94	54
93	54
92	55
91	55
90	56
89	56
85	60
84	60
80	64
79	64
72	71
71	71
71	72
69	74
68	74
67	75
67	76
64	79
64	80
61	83
61	84
56	89
56	90
55	91
55	92
52	95
52	98
51	99
51	100
50	101
50	103
49	104
49	105
48	106
47	106
46	107
46	108
45	109
45	111
42	114
42	115
40	117
40	118
38	120
38	126
37	127
37	128
36	129
36	130
35	131
35	133
33	135
33	137
32	138
32	140
31	141
31	143
30	144
30	145
29	146
29	148
28	149
27	148
27	147
27	149
28	150
28	178
29	179
29	180
28	181
28	182
27	183
29	185
28	186
29	187
28	188
28	195
29	196
29	202
28	203
28	211
27	212
28	213
28	218
29	219
29	223
30	224
30	225
31	226
31	229
33	231
33	234
34	235
34	236
35	237
35	240
34	241
33	240
33	238
32	237
32	236
31	235
31	234
30	233
30	231
29	230
29	228
28	227
28	225
27	224
27	220
26	219
26	218
25	218
25	220
26	221
26	225
28	227
28	230
29	231
29	232
31	234
31	237
32	238
32	240
33	241
33	243
35	245
35	246
36	247
36	248
37	249
37	250
39	252
39	253
41	255
41	256
44	259
44	264
45	265
45	266
46	267
46	268
46	267
45	266
45	264
44	263
46	261
46	260
45	259
45	258
46	257
48	259
48	260
49	260
56	267
57	267
60	270
61	270
64	273
66	273
68	275
69	275
72	278
71	279
70	279
68	277
67	278
68	279
70	279
71	280
71	281
73	281
71	279
72	278
73	278
75	280
76	280
77	281
78	281
81	284
83	284
84	285
86	285
87	286
89	286
90	287
91	287
92	288
94	288
95	289
96	289
98	291
101	291
102	292
107	292
108	293
113	293
114	294
120	294
122	296
124	296
126	294
134	294
134	293
135	292
136	293
138	293
139	292
140	292
141	291
144	291
145	290
146	290
147	291
147	295
146	296
146	302
145	303
145	304
146	305
146	310
145	311
145	318
146	319
146	320
147	321
147	322
151	326
151	327
152	328
153	328
155	330
156	330
159	333
160	333
162	335
163	335
164	336
165	336
166	337
168	337
169	338
171	338
172	339
174	339
175	340
178	340
179	341
188	341
189	342
190	341
191	341
192	342
193	342
194	341
195	341
195	340
197	338
197	337
198	336
198	335
199	334
199	333
200	332
200	330
202	328
202	327
204	325
204	322
205	321
205	316
206	315
206	312
208	310
208	305
209	304
210	304
212	306
213	306
215	308
216	308
216	307
217	306
218	306
219	307
220	307
222	309
222	310
223	311
223	312
224	313
225	313
228	316
229	316
231	318
232	318
233	319
234	319
235	320
236	320
237	321
235	323
234	323
235	324
235	326
236	327
236	328
235	329
236	330
236	336
237	337
237	338
238	339
238	340
242	344
243	344
244	345
244	346
245	346
246	347
247	347
248	348
248	347
247	346
245	346
241	342
240	342
239	341
239	339
240	338
242	340
241	339
241	338
240	337
240	336
238	334
238	326
236	324
236	323
237	322
238	322
240	324
241	324
243	326
243	328
242	329
242	331
243	332
243	334
244	335
244	336
246	336
247	337
247	338
249	340
249	339
248	338
248	337
247	336
248	335
251	335
252	336
254	336
256	334
255	333
255	332
256	331
259	331
260	332
261	332
262	333
263	333
264	334
264	337
265	337
265	336
267	334
271	334
272	335
275	335
276	336
286	336
285	335
284	335
283	334
284	333
286	333
287	334
301	334
303	332
304	332
304	330
305	329
306	330
309	330
310	329
311	329
312	328
313	328
314	327
317	327
318	326
320	326
321	325
323	325
325	323
326	323
327	322
328	322
329	321
330	321
331	320
333	320
334	319
334	318
336	316
338	316
339	315
340	315
341	314
344	314
344	312
345	311
346	311
346	310
347	309
348	309
350	307
353	307
354	306
354	305
355	304
356	304
357	303
358	303
358	302
359	301
361	301
362	300
361	299
360	300
359	299
358	299
356	301
357	302
356	303
355	303
354	302
353	303
352	303
349	306
348	306
344	310
343	310
342	311
341	311
338	314
337	314
336	315
335	315
334	314
337	311
338	311
340	309
341	309
345	305
346	305
348	303
349	303
357	295
358	295
359	296
360	296
359	296
358	295
358	294
360	292
360	291
362	289
362	288
366	284
366	283
369	280
369	278
370	277
370	276
372	274
372	273
374	271
374	270
375	269
375	267
376	266
376	265
378	263
378	260
380	258
380	256
381	255
381	253
382	252
382	251
383	250
383	248
384	247
384	245
385	244
385	241
386	240
386	239
387	238
387	237
386	236
386	234
387	233
388	233
388	230
389	229
389	226
390	225
390	221
391	220
391	214
392	213
392	194
391	193
391	181
390	180
390	175
389	174
389	170
388	169
388	166
387	165
387	164
386	163
386	159
385	158
385	156
384	155
384	153
383	152
383	150
382	149
382	146
383	145
385	147
385	151
386	152
386	154
387	155
387	156
388	157
388	160
389	161
389	162
390	163
390	166
391	167
391	168
392	169
392	176
393	177
393	179
394	180
394	189
395	190
395	196
395	188
396	187
396	184
395	183
395	174
394	173
394	169
393	168
393	167
392	166
392	162
391	161
391	158
390	157
390	154
389	153
389	151
388	150
388	148
387	147
387	146
386	145
386	143
385	143
384	142
384	141
383	140
383	139
382	138
382	136
381	137
381	139
382	140
382	143
381	144
380	143
380	142
379	141
379	140
377	138
377	137
376	136
376	135
375	134
375	133
374	132
374	131
373	130
373	129
371	127
371	126
370	125
370	124
369	124
368	123
368	122
366	120
365	120
363	118
360	118
356	114
355	114
352	111
350	111
348	109
347	109
346	108
345	108
341	104
340	104
339	103
337	103
335	101
329	101
327	99
326	99
325	98
322	98
321	97
320	97
319	96
319	94
317	94
316	93
317	92
322	92
323	93
324	92
327	92
325	92
324	91
323	91
322	90
321	90
320	89
321	88
323	88
323	87
317	87
319	87
320	88
319	89
315	89
314	88
311	88
310	89
308	89
307	88
304	88
300	92
295	92
294	91
286	91
285	92
276	92
275	93
274	93
273	94
272	94
271	95
267	95
266	96
263	96
262	97
261	97
260	98
259	98
258	99
257	99
256	100
255	100
254	101
252	101
251	102
250	102
248	104
247	104
245	106
244	106
242	108
241	108
240	109
236	109
236	110
233	113
233	114
232	115
231	115
230	114
230	113
231	112
227	112
226	111
226	105
224	103
224	101
223	100
223	99
222	98
222	96
219	93
219	92
218	91
218	88
217	87
216	87
213	84
210	84
209	83
208	83
207	82
207	81
208	80
209	81
210	81
210	80
209	79
208	79
207	78
206	78
205	77
205	75
203	75
202	74
202	72
201	71
200	71
197	68
197	67
195	65
195	64
194	63
194	62
192	60
191	60
189	58
187	58
186	57
185	57
184	56
177	56
174	53
170	53
169	52
168	52
166	50
165	50
164	49
163	49
162	48
161	48
159	46
158	46
157	45
156	45
155	44
153	44
151	42
149	42
147	40
136	40
135	41
126	41
125	42
121	42
119	44
111	44
114	44
115	45
114	46
105	46
104	47
102	47
98	51
97	51
94	54
93	54
92	55
91	55
90	56
89	56
85	60
84	60
80	64
79	64
72	71
71	71
71	72
69	74
68	74
67	75
67	76
64	79
64	80
61	83
61	84
56	89
56	90
55	91
55	92
52	95
52	98
51	99
51	100
50	101
50	103
49	104
49	105
48	106
47	106
46	107
46	108
45	109
45	111
42	114
42	115
40	117
40	118
38	120
38	126
37	127
37	128
36	129
36	130
35	131
35	133
33	135
33	137
32	138
32	140
31	141
31	143
30	144
30	145
29	146
29	148
28	149
27	148
27	147
27	149
28	150
28	178
29	179
29	180
28	181
28	182
27	183
29	185
28	186
29	187
28	188
28	195
29	196
29	202
28	203
28	211
27	212
28	213
28	218
29	219
29	223
30	224
30	225
31	226
31	229
33	231
33	234
34	235
34	236
35	237
35	240
34	241
33	240
33	238
32	237
32	236
31	235
31	234
30	233
30	231
29	230
29	228
28	227
28	225
27	224
27	220
26	219
26	218
25	218
25	220
26	221
26	225
28	227
28	230
29	231
29	232
31	234
31	237
32	238
32	240
33	241
33	243
35	245
35	246
36	247
36	248
37	249
37	250
39	252
39	253
41	255
41	256
44	259
44	264
45	265
45	266
46	267
46	268
46	267
45	266
45	264
44	263
46	261
46	260
45	259
45	258
46	257
48	259
48	260
49	260
56	267
57	267
60	270
61	270
64	273
66	273
68	275
69	275
72	278
71	279
70	279
68	277
67	278
68	279
70	279
71	280
71	281
73	281
71	279
72	278
73	278
75	280
76	280
77	281
78	281
81	284
83	284
84	285
86	285
87	286
89	286
90	287
91	287
92	288
94	288
95	289
96	289
98	291
101	291
102	292
107	292
108	293
113	293
114	294
120	294
122	296
124	296
126	294
134	294
134	293
135	292
136	293
138	293
139	292
140	292
141	291
144	291
145	290
146	290
147	291
147	295
146	296
146	302
145	303
145	304
146	305
146	310
145	311
145	318
146	319
146	320
147	321
147	322
151	326
151	327
152	328
153	328
155	330
156	330
159	333
160	333
162	335
163	335
164	336
165	336
166	337
168	337
169	338
171	338
172	339
174	339
175	340
178	340
179	341
188	341
189	342
190	341
191	341
192	342
193	342
194	341
195	341
195	340
197	338
197	337
198	336
198	335
199	334
199	333
200	332
200	330
202	328
202	327
204	325
204	322
205	321
205	316
206	315
206	312
208	310
208	305
209	304
210	304
212	306
213	306
215	308
216	308
216	307
217	306
218	306
219	307
220	307
222	309
222	310
223	311
223	312
224	313
225	313
228	316
229	316
231	318
232	318
233	319
234	319
235	320
236	320
237	321
235	323
234	323
235	324
235	326
236	327
236	328
235	329
236	330
236	336
237	337
237	338
238	339
238	340
242	344
243	344
244	345
244	346
245	346
246	347
247	347
248	348
248	347
247	346
245	346
241	342
240	342
239	341
239	339
240	338
242	340
241	339
241	338
240	337
240	336
238	334
238	326
236	324
236	323
237	322
238	322
240	324
241	324
243	326
243	328
242	329
242	331
243	332
243	334
244	335
244	336
246	336
247	337
247	338
249	340
249	339
248	338
248	337
247	336
248	335
251	335
252	336
254	336
256	334
255	333
255	332
256	331
259	331
260	332
261	332
262	333
263	333
264	334
264	337
265	337
265	336
267	334
271	334
272	335
275	335
276	336
286	336
285	335
284	335
283	334
284	333
286	333
287	334
301	334
303	332
304	332
304	330
305	329
306	330
309	330
310	329
311	329
312	328
313	328
314	327
317	327
318	326
320	326
321	325
323	325
325	323
326	323
327	322
328	322
329	321
330	321
331	320
333	320
334	319
334	318
336	316
338	316
339	315
340	315
341	314
344	314
344	312
345	311
346	311
346	310
347	309
348	309
350	307
353	307
354	306
354	305
355	304
356	304
357	303
358	303
358	302
359	301
361	301
362	300
361	299
360	300
359	299
358	299
356	301
357	302
356	303
355	303
354	302
353	303
352	303
349	306
348	306
344	310
343	310
342	311
341	311
338	314
337	314
336	315
335	315
334	314
337	311
338	311
340	309
341	309
345	305
346	305
348	303
349	303
357	295
358	295
359	296
360	296
359	296
358	295
358	294
360	292
360	291
362	289
362	288
366	284
366	283
369	280
369	278
370	277
370	276
372	274
372	273
374	271
374	270
375	269
375	267
376	266
376	265
378	263
378	260
380	258
380	256
381	255
381	253
382	252
382	251
383	250
383	248
384	247
384	245
385	244
385	241
386	240
386	239
387	238
387	237
386	236
386	234
387	233
388	233
388	230
389	229
389	226
390	225
390	221
391	220
391	214
392	213
392	194
391	193
391	181
390	180
390	175
389	174
389	170
388	169
388	166
387	165
387	164
386	163
386	159
385	158
385	156
384	155
384	153
383	152
383	150
382	149
382	146
383	145
385	147
385	151
386	152
386	154
387	155
387	156
388	157
388	160
389	161
389	162
390	163
390	166
391	167
391	168
392	169
392	176
393	177
393	179
394	180
394	189
395	190
395	196
395	188
396	187
396	184
395	183
395	174
394	173
394	169
393	168
393	167
392	166
392	162
391	161
391	158
390	157
390	154
389	153
389	151
388	150
388	148
387	147
387	146
386	145
386	143
385	143
384	142
384	141
383	140
383	139
382	138
382	136
381	137
381	139
382	140
382	143
381	144
380	143
380	142
379	141
379	140
377	138
377	137
376	136
376	135
375	134
375	133
374	132
374	131
373	130
373	129
371	127
371	126
370	125
370	124
369	124
368	123
368	122
366	120
365	120
363	118
360	118
356	114
355	114
352	111
350	111
348	109
347	109
346	108
345	108
341	104
340	104
339	103
337	103
335	101
329	101
327	99
326	99
325	98
322	98
321	97
320	97
319	96
319	94
317	94
316	93
317	92
322	92
323	93
324	92
327	92
325	92
324	91
323	91
322	90
321	90
320	89
321	88
323	88
323	87
317	87
319	87
320	88
319	89
315	89
314	88
311	88
310	89
308	89
307	88
304	88
300	92
295	92
294	91
286	91
285	92
276	92
275	93
274	93
273	94
272	94
271	95
267	95
266	96
263	96
262	97
261	97
260	98
259	98
258	99
257	99
256	100
255	100
254	101
252	101
251	102
250	102
248	104
247	104
245	106
244	106
242	108
241	108
240	109
236	109
236	110
233	113
233	114
232	115
231	115
230	114
230	113
231	112
227	112
226	111
226	105
224	103
224	101
223	100
223	99
222	98
222	96
219	93
219	92
218	91
218	88
217	87
216	87
213	84
210	84
209	83
208	83
207	82
207	81
208	80
209	81
210	81
210	80
209	79
208	79
207	78
206	78
205	77
205	75
203	75
202	74
202	72
201	71
200	71
197	68
197	67
195	65
195	64
194	63
194	62
192	60
191	60
189	58
187	58
186	57
185	57
184	56
177	56
174	53
170	53
169	52
168	52
166	50
165	50
164	49
163	49
162	48
161	48
159	46
158	46
157	45
156	45
155	44
153	44
151	42
149	42
147	40
