252	91
251	92
250	92
248	94
247	94
245	96
244	96
240	100
240	109
239	110
239	111
235	115
234	115
233	116
232	116
231	117
230	117
229	118
227	118
226	119
205	119
204	118
203	118
201	116
201	115
200	114
200	113
197	110
196	110
195	109
193	109
192	108
188	108
187	109
184	109
183	110
181	110
180	111
179	111
178	112
177	112
176	113
175	113
174	114
173	114
170	117
169	117
166	120
165	120
161	124
160	124
156	128
155	128
154	129
154	130
148	136
148	137
147	138
147	139
146	140
146	141
145	142
145	143
146	144
146	145
147	146
147	148
148	149
148	162
149	163
149	164
150	165
151	165
152	166
154	166
155	165
169	165
170	166
171	166
177	172
191	172
192	173
204	173
205	174
207	174
208	175
209	175
210	176
212	176
213	177
215	177
216	178
217	178
220	181
220	182
221	183
221	196
220	197
220	199
219	200
219	201
216	204
216	205
214	207
214	208
213	209
213	210
208	215
206	215
205	216
190	216
189	215
184	215
183	214
178	214
177	215
176	215
172	219
172	220
170	222
170	223
169	224
169	226
168	227
168	228
167	229
167	230
166	231
165	231
164	232
163	232
162	233
146	233
145	232
143	232
139	228
138	228
136	226
135	226
134	225
133	225
128	220
128	219
127	218
127	204
128	203
128	202
129	201
129	199
130	198
130	197
129	196
129	195
126	192
125	192
124	191
114	191
113	192
109	192
106	195
106	199
105	200
105	201
104	202
104	203
98	209
97	209
96	210
95	210
94	211
87	211
84	214
84	215
83	216
83	222
82	223
82	224
78	228
77	228
73	232
73	233
72	234
72	235
66	241
65	241
64	242
63	242
62	243
62	244
61	245
61	270
65	274
66	274
68	276
69	276
72	279
72	281
73	282
73	304
74	305
74	306
79	311
79	312
80	313
80	326
79	327
79	328
77	330
76	330
75	331
71	331
67	335
67	336
64	339
63	339
62	340
59	340
58	341
57	341
53	345
53	346
51	348
51	349
49	351
49	353
48	354
48	356
49	357
49	358
50	359
50	361
51	362
51	366
52	367
52	369
53	370
53	371
54	372
54	373
55	374
55	375
57	377
57	378
58	379
58	381
60	383
60	384
61	385
61	386
63	388
63	390
64	391
64	395
65	396
65	404
66	405
66	407
67	408
67	409
68	410
68	411
69	412
69	414
70	415
70	416
72	418
72	419
73	420
73	421
75	423
75	424
79	428
79	429
80	430
80	431
81	432
81	434
84	437
86	437
87	438
88	438
90	440
91	440
92	441
93	441
94	442
108	442
109	443
111	443
117	449
117	450
129	462
129	463
136	470
136	471
143	478
144	478
150	484
151	484
154	487
154	488
159	493
160	493
164	497
164	498
165	499
165	501
166	502
166	506
167	507
167	508
168	509
169	509
170	510
172	510
173	511
175	511
176	512
178	512
179	513
181	513
182	514
200	514
201	515
203	515
204	516
205	516
206	517
207	517
208	518
209	518
210	519
220	519
221	520
223	520
224	521
226	521
227	522
229	522
230	523
233	523
234	524
247	524
248	525
251	525
252	526
253	526
254	527
260	527
261	526
264	526
265	525
266	525
267	524
268	524
269	523
272	523
273	522
288	522
289	521
290	521
293	518
293	517
295	515
295	514
296	513
297	513
299	511
301	511
302	510
304	510
305	509
307	509
308	508
309	508
310	507
312	507
313	506
315	506
316	505
318	505
320	503
321	503
323	501
324	501
325	500
326	500
328	498
330	498
331	497
332	497
334	495
335	495
341	489
342	489
349	482
350	482
352	480
353	480
355	478
357	478
358	477
360	477
361	476
366	476
369	473
369	470
370	469
370	468
372	466
373	466
375	464
376	464
376	463
377	462
377	460
378	459
378	458
379	457
379	456
380	455
380	454
382	452
382	451
385	448
386	448
387	447
393	447
394	446
395	446
395	441
394	440
394	422
395	421
395	418
396	417
396	415
397	414
397	413
398	412
398	411
399	410
399	409
401	407
401	406
402	405
402	403
403	402
403	392
404	391
404	389
405	388
405	387
406	386
406	384
407	383
407	378
406	377
406	356
405	355
405	352
404	351
404	347
403	346
403	342
402	341
402	338
401	337
401	336
400	335
400	334
399	333
399	332
398	331
398	329
397	328
397	326
396	325
396	322
395	321
395	317
394	316
394	315
393	314
393	313
391	311
391	310
389	308
389	307
388	306
388	304
387	303
387	302
386	301
386	299
385	298
385	297
384	296
384	295
383	294
383	293
378	288
378	287
377	286
377	285
376	284
376	282
375	281
375	273
372	270
371	270
370	269
369	269
367	267
367	266
366	265
366	259
365	258
365	256
364	255
364	253
363	252
363	249
361	247
355	247
354	248
352	248
349	251
349	252
348	253
348	254
345	257
344	257
343	258
330	258
329	257
328	257
327	256
326	256
325	255
324	255
323	254
307	254
306	253
302	253
301	252
299	252
298	251
297	251
293	247
293	246
292	245
291	245
290	244
278	244
277	243
274	243
273	242
272	242
268	238
268	237
267	236
267	220
268	219
268	218
269	217
269	216
271	214
271	212
270	211
270	209
269	208
269	207
268	206
268	187
269	186
269	179
268	178
268	177
267	176
266	176
265	175
264	175
262	173
261	173
259	171
259	169
258	168
258	149
259	148
259	145
260	144
260	140
261	139
261	128
260	127
260	124
259	123
259	103
260	102
260	99
261	98
261	95
260	94
260	93
259	93
258	92
257	92
256	91
