220	100
219	101
217	101
216	102
212	102
211	103
208	103
207	104
205	104
204	105
202	105
201	106
198	106
197	107
191	107
190	108
188	108
187	109
185	109
184	110
180	110
179	111
169	111
165	115
165	116
161	120
160	120
159	121
158	121
157	122
155	122
154	123
153	123
152	124
151	124
148	127
146	127
145	128
135	128
134	129
132	129
130	131
129	131
128	132
127	132
126	133
125	133
124	134
122	134
121	135
120	135
115	140
115	141
114	142
114	143
113	144
113	146
112	147
112	157
111	158
111	160
110	161
110	162
109	163
109	165
108	166
108	169
107	170
107	171
106	172
106	173
105	174
105	175
98	182
97	182
92	187
92	189
91	190
91	193
90	194
90	196
89	197
89	199
88	200
88	201
87	202
87	203
86	204
86	205
85	206
85	211
84	212
84	214
83	215
83	216
82	217
82	218
81	219
81	220
80	221
80	224
79	225
79	226
78	227
78	229
77	230
77	236
76	237
76	241
75	242
75	244
74	245
74	249
73	250
73	273
72	274
72	277
71	278
71	294
70	295
70	297
69	298
69	300
68	301
68	312
67	313
67	314
61	320
60	320
58	322
57	322
56	323
55	323
54	324
50	324
47	327
47	328
46	329
46	330
45	331
45	333
44	334
44	336
43	337
43	340
44	341
44	343
45	344
45	360
46	361
46	363
47	364
47	365
52	370
53	370
63	380
63	381
64	382
64	397
63	398
63	400
62	401
62	403
61	404
61	409
62	410
62	412
63	413
63	415
64	416
64	418
65	419
65	425
66	426
66	429
67	430
67	432
68	433
68	434
69	435
69	436
70	437
70	438
71	439
72	439
73	440
75	440
76	441
77	441
78	442
79	442
80	443
80	444
81	445
81	446
82	447
82	456
83	457
83	460
84	461
84	462
85	463
85	464
86	465
86	466
89	469
89	470
90	471
90	472
91	473
91	475
92	476
92	479
93	480
93	482
94	483
94	484
95	485
95	486
96	487
96	488
97	489
97	490
98	491
98	492
100	494
100	495
101	496
101	497
102	498
102	499
103	500
103	501
104	502
104	503
105	504
105	505
107	507
107	508
109	510
110	510
111	511
120	511
121	512
122	512
123	513
124	513
126	515
126	516
127	517
127	521
128	522
128	523
131	526
131	527
132	528
132	529
134	531
134	532
140	538
141	538
143	540
144	540
145	541
146	541
148	543
149	543
152	546
153	546
155	548
156	548
157	549
158	549
160	551
161	551
162	552
163	552
164	553
166	553
167	554
170	554
171	555
172	555
175	558
175	559
176	560
176	561
177	562
177	563
178	564
178	565
181	568
194	568
195	569
197	569
198	570
199	570
200	571
201	571
202	572
203	572
205	574
206	574
208	576
209	576
210	577
211	577
212	578
224	578
225	577
227	577
229	575
230	575
231	574
233	574
234	573
249	573
250	574
252	574
255	577
255	579
256	580
256	583
257	584
257	585
277	585
278	586
279	586
280	587
281	587
283	589
283	590
284	591
284	593
286	595
291	595
299	587
300	587
301	586
302	586
303	585
315	585
316	584
317	584
318	583
319	583
320	582
321	582
323	580
324	580
325	579
326	579
327	578
328	578
329	577
330	577
331	576
332	576
340	568
341	568
342	567
343	567
344	566
345	566
347	564
348	564
351	561
352	561
353	560
354	560
355	559
356	559
357	558
357	557
358	556
358	555
359	554
359	552
360	551
360	523
361	522
361	520
362	519
362	518
363	517
363	516
365	514
365	513
366	512
366	510
368	508
368	507
370	505
370	504
374	500
375	500
376	499
391	499
392	500
393	500
395	502
395	503
396	504
396	507
399	510
402	510
403	511
404	511
405	512
408	512
409	511
409	510
410	509
410	508
413	505
414	505
417	502
417	501
418	500
418	492
415	489
403	489
402	488
400	488
398	486
398	485
396	483
396	481
395	480
395	474
394	473
394	469
393	468
393	452
394	451
394	450
395	449
395	448
397	446
397	444
398	443
398	436
395	433
382	433
381	432
378	432
377	431
375	431
374	430
343	430
342	429
341	429
340	428
339	428
337	426
336	426
335	425
333	425
332	426
332	427
331	428
331	433
330	434
330	436
329	437
329	438
328	439
328	441
325	444
324	444
323	445
317	445
316	446
300	446
299	445
298	445
296	443
295	443
293	441
292	441
291	440
287	440
286	439
285	439
282	436
282	435
280	433
279	433
278	432
277	432
276	431
274	431
273	430
266	430
265	429
264	429
262	427
262	426
261	425
261	407
262	406
262	402
263	401
263	400
264	399
264	397
265	396
265	395
266	394
266	389
265	388
265	385
264	384
264	370
265	369
265	368
267	366
268	366
269	365
282	365
283	364
284	364
285	363
286	363
288	361
289	361
290	360
291	360
292	359
293	359
294	358
295	358
296	357
297	357
298	356
299	356
300	355
301	355
302	354
308	354
309	353
318	353
319	352
320	352
325	347
325	346
327	344
327	343
328	342
328	341
331	338
332	338
333	337
350	337
351	338
352	338
355	341
355	342
356	343
356	347
357	348
357	367
356	368
356	371
355	372
355	376
356	377
356	378
357	379
361	379
362	378
366	378
367	377
380	377
381	376
382	376
383	375
384	375
385	374
386	374
388	372
388	371
389	370
389	369
388	368
388	366
386	364
386	363
383	360
383	359
382	358
382	357
381	356
381	355
380	354
380	353
378	351
376	351
371	346
371	344
370	343
370	339
369	338
369	337
368	336
368	335
365	332
365	331
364	330
364	329
363	328
363	327
362	326
362	309
363	308
363	306
364	305
364	304
365	303
365	302
366	301
366	300
367	299
367	298
368	297
368	295
369	294
369	293
371	291
371	290
373	288
373	287
374	286
374	285
375	284
375	282
376	281
376	275
377	274
377	270
378	269
378	266
379	265
379	249
380	248
380	224
379	223
379	220
378	219
378	217
377	216
377	215
376	214
376	213
375	212
375	211
374	210
374	209
373	208
373	206
372	205
372	203
371	202
371	201
370	200
370	198
369	197
369	195
368	194
368	193
367	192
367	191
366	190
366	189
364	187
364	186
363	185
363	184
362	183
362	182
360	180
360	179
358	177
358	176
356	174
356	173
355	172
355	171
353	169
353	168
350	165
350	164
345	159
345	158
342	155
342	154
340	152
340	151
337	148
336	148
334	146
333	146
330	143
329	143
324	138
324	137
321	134
320	134
318	132
317	132
313	128
312	128
310	126
309	126
307	124
306	124
304	122
303	122
302	121
301	121
299	119
298	119
296	117
295	117
294	116
293	116
291	114
290	114
289	113
287	113
286	112
284	112
283	111
282	111
279	108
279	107
276	104
275	104
274	103
264	103
263	102
244	102
243	101
239	101
238	100
