225	113
224	114
220	114
219	115
216	115
215	116
212	116
211	117
208	117
207	118
205	118
204	119
202	119
201	120
198	120
197	121
195	121
194	122
191	122
190	123
187	123
186	124
185	124
184	125
183	125
182	126
181	126
178	129
177	129
176	130
175	130
173	132
172	132
171	133
170	133
169	134
168	134
167	135
166	135
165	136
164	136
163	137
162	137
161	138
160	138
159	139
158	139
156	141
155	141
153	143
152	143
148	147
147	147
144	150
143	150
141	152
140	152
137	155
136	155
126	165
126	166
114	178
114	179
112	181
112	182
111	183
111	184
110	185
110	187
109	188
109	189
108	190
108	191
106	193
106	194
105	195
105	196
103	198
103	199
102	200
102	202
101	203
101	205
100	206
100	207
99	208
99	209
98	210
98	211
97	212
97	213
96	214
96	215
95	216
95	217
94	218
94	219
93	220
93	222
92	223
92	226
91	227
91	230
90	231
90	235
89	236
89	238
84	243
83	243
82	244
81	244
80	245
78	245
76	247
76	248
75	249
75	251
74	252
74	254
73	255
73	257
71	259
71	260
69	262
69	266
70	267
70	270
71	271
71	292
70	293
70	295
69	296
69	297
68	298
68	299
65	302
65	304
64	305
64	311
63	312
63	315
62	316
62	331
61	332
61	334
60	335
60	336
59	337
59	338
58	339
60	341
66	341
67	342
68	342
70	344
70	345
71	346
71	361
70	362
70	370
71	370
73	368
74	368
79	363
79	362
80	361
80	354
81	353
81	352
83	350
84	350
85	349
98	349
99	350
101	350
104	353
105	353
107	355
108	355
109	356
112	356
113	357
114	357
116	359
116	360
117	361
117	377
116	378
116	379
114	381
113	381
111	383
111	386
112	387
113	387
114	386
114	385
115	384
115	381
117	379
139	379
140	380
142	380
149	387
149	389
150	390
150	395
152	397
168	397
169	398
170	398
172	400
172	401
173	402
173	416
174	417
174	418
175	418
176	417
176	416
180	412
181	412
182	411
183	411
184	410
185	410
185	409
186	408
186	407
189	404
190	404
191	403
215	403
216	404
218	404
220	406
221	406
222	407
223	407
229	413
230	413
232	415
233	415
236	418
236	420
237	421
237	438
236	439
236	441
232	445
231	445
230	446
228	446
226	448
225	448
223	450
223	451
222	452
222	454
223	455
223	456
224	457
224	458
227	461
229	461
230	460
231	460
235	456
235	455
236	454
236	453
237	452
237	447
238	446
238	445
240	443
241	443
242	442
243	442
245	440
246	440
247	439
249	439
250	438
262	438
263	439
265	439
269	443
269	444
270	445
271	445
273	447
274	447
278	451
278	452
279	453
283	453
283	449
282	448
282	446
281	445
281	429
282	428
282	427
284	425
285	425
286	424
288	424
291	421
291	413
292	412
292	410
293	409
293	408
301	400
301	399
302	398
302	394
303	393
303	390
304	389
304	388
307	385
310	385
311	384
319	384
320	383
323	383
324	382
328	382
331	379
331	370
332	369
332	366
333	365
333	363
332	362
332	361
331	360
331	358
330	357
330	345
327	342
319	342
318	343
296	343
295	342
293	342
291	340
291	338
290	337
290	330
289	329
289	327
288	326
288	324
287	323
287	308
288	307
288	305
289	304
289	303
291	301
291	300
294	297
294	296
298	292
298	290
299	289
299	282
300	281
300	279
308	271
308	270
312	266
313	266
315	264
316	264
318	262
319	262
321	260
323	260
324	259
331	259
332	258
334	258
335	257
337	257
338	256
351	256
352	257
354	257
359	262
360	262
361	263
372	263
373	264
375	264
378	267
378	269
379	270
379	284
380	285
380	286
381	287
384	287
386	285
386	284
387	283
387	280
388	279
388	276
389	275
389	272
390	271
390	269
391	268
391	264
392	263
392	254
391	253
391	250
390	249
390	246
389	245
389	241
388	240
388	237
387	236
387	233
386	232
386	228
385	227
385	223
384	222
384	214
383	213
383	212
382	211
382	210
381	209
381	208
379	206
379	205
378	204
378	203
377	202
377	201
375	199
375	198
373	196
373	195
371	193
371	192
370	191
370	190
368	188
368	187
367	186
367	185
366	184
366	183
363	180
363	179
355	171
355	170
347	162
347	161
342	156
341	156
335	150
334	150
326	142
325	142
322	139
321	139
319	137
318	137
317	136
316	136
315	135
314	135
313	134
312	134
311	133
310	133
309	132
308	132
307	131
306	131
305	130
304	130
303	129
302	129
301	128
300	128
299	127
298	127
297	126
296	126
295	125
293	125
292	124
291	124
290	123
288	123
287	122
286	122
285	121
283	121
282	120
280	120
279	119
277	119
276	118
273	118
272	117
269	117
268	116
265	116
264	115
261	115
260	114
253	114
252	113
