257	83
256	84
256	85
255	86
255	94
254	95
254	96
251	99
250	99
249	100
235	100
234	101
229	101
228	102
207	102
206	101
205	101
199	95
190	95
187	98
187	102
186	103
186	104
181	109
180	109
179	110
177	110
176	111
159	111
158	110
153	110
152	111
151	111
150	112
149	112
148	113
146	113
144	115
143	115
142	116
141	116
140	117
139	117
138	118
135	118
134	119
133	119
132	120
132	121
131	122
131	129
130	130
130	132
129	133
129	134
128	135
127	135
125	137
124	137
117	144
116	144
115	145
115	146
114	147
114	150
113	151
113	152
112	153
112	154
107	159
106	159
103	162
102	162
100	164
100	165
97	168
96	168
95	169
94	169
93	170
89	170
86	173
86	177
85	178
85	180
84	181
84	183
83	184
83	185
81	187
81	189
80	190
80	191
79	192
79	194
78	195
78	197
77	198
77	199
76	200
76	201
75	202
75	203
74	204
74	206
73	207
73	209
72	210
72	211
71	212
71	213
70	214
70	215
68	217
68	218
66	220
66	221
65	222
65	223
64	224
64	245
63	246
63	256
62	257
62	261
61	262
61	268
62	269
62	270
63	271
63	273
64	274
64	277
65	278
65	280
66	281
66	282
67	283
67	284
68	285
68	286
69	287
69	288
70	289
70	291
71	292
71	294
72	295
72	298
73	299
73	317
72	318
72	319
70	321
69	321
68	322
64	322
63	323
61	323
60	324
59	324
57	326
56	326
50	332
49	332
45	336
45	337
44	338
44	345
45	346
45	350
46	351
46	353
47	354
47	356
48	357
48	361
49	362
49	381
48	382
48	390
54	396
54	397
57	400
58	400
60	402
62	402
63	403
66	403
67	404
68	404
72	408
72	409
73	410
73	411
74	412
74	413
75	414
75	418
76	419
76	443
77	444
77	446
78	447
78	450
79	451
79	456
80	457
80	460
81	461
81	464
82	465
82	467
83	468
83	469
84	470
84	471
85	472
85	474
86	475
86	478
87	479
87	481
88	482
88	484
89	485
89	486
90	487
90	488
92	490
92	491
93	492
93	493
94	494
94	495
95	496
95	497
97	499
97	500
99	502
99	503
101	505
101	506
103	508
103	509
105	511
105	512
108	515
108	516
110	518
110	519
113	522
113	523
123	533
124	533
127	536
127	537
135	545
136	545
143	552
144	552
145	553
146	553
148	555
149	555
150	556
150	557
155	562
156	562
157	563
158	563
159	564
183	564
184	565
186	565
187	566
189	566
191	568
192	568
195	571
195	572
196	573
196	574
197	575
197	578
198	579
198	580
200	582
202	582
203	583
204	583
205	584
207	584
208	585
209	585
210	586
212	586
213	587
226	587
227	588
230	588
231	589
233	589
234	590
245	590
246	589
258	589
259	588
262	588
263	587
266	587
267	586
271	586
272	585
274	585
275	584
278	584
279	583
286	583
287	582
292	582
293	581
300	581
301	580
302	580
303	579
304	579
305	578
306	578
307	577
309	577
310	576
314	576
315	575
318	575
319	574
321	574
322	573
323	573
324	572
325	572
329	568
330	568
331	567
332	567
333	566
335	566
336	565
344	565
345	564
346	564
347	563
348	563
353	558
353	557
354	556
354	555
355	554
355	553
356	552
356	550
357	549
357	545
358	544
358	543
362	539
363	539
364	538
365	538
366	537
367	537
368	536
369	536
370	535
371	535
372	534
373	534
380	527
381	527
383	525
383	524
384	523
384	502
385	501
385	500
387	498
388	498
389	497
395	497
396	496
398	496
399	495
401	495
402	494
405	494
408	491
408	482
409	481
409	480
410	479
410	478
416	472
417	472
418	471
426	471
427	470
428	470
429	469
430	469
430	468
431	467
431	450
432	449
431	448
431	447
428	444
426	444
425	443
416	443
415	442
414	442
410	438
410	437
409	437
407	435
405	435
404	434
403	434
399	430
399	429
398	428
398	426
397	425
397	424
396	423
396	422
394	420
394	419
393	418
393	416
392	415
392	412
391	411
391	396
390	395
390	394
387	391
387	390
386	389
386	386
385	385
385	384
384	383
384	382
383	381
383	379
382	378
382	377
381	376
381	375
380	374
380	373
378	371
378	370
373	365
373	364
371	362
371	361
369	359
369	358
368	357
368	356
367	355
367	354
366	353
366	349
362	345
360	345
359	344
358	344
357	343
356	343
354	341
353	341
351	339
351	337
350	336
350	328
349	327
349	311
350	310
350	308
351	307
351	306
353	304
353	303
354	302
354	301
355	300
355	299
356	298
356	296
357	295
357	291
358	290
358	275
359	274
359	272
360	271
360	270
361	269
361	268
362	267
362	266
363	265
363	264
364	263
364	262
365	261
365	259
366	258
366	250
367	249
367	235
368	234
368	219
367	218
367	216
366	215
366	213
365	212
365	209
364	208
364	205
363	204
363	202
362	201
362	199
361	198
361	195
360	194
360	191
359	190
359	188
358	187
358	185
350	177
350	176
348	174
348	173
347	172
347	171
346	170
346	169
345	168
345	167
344	166
344	164
343	163
343	161
342	160
342	158
341	157
341	156
336	151
336	150
327	141
326	141
320	135
320	134
316	130
316	129
315	129
312	126
311	126
309	124
308	124
307	123
305	123
304	122
299	122
298	121
297	121
296	120
295	120
293	118
292	118
291	117
290	117
289	116
286	116
285	115
283	115
282	114
280	114
276	110
276	109
275	108
275	91
274	90
274	89
271	86
270	86
269	85
268	85
267	84
265	84
264	83
