368	161
367	162
363	162
362	163
350	163
349	164
340	164
339	165
328	165
327	166
325	166
324	167
322	167
321	168
319	168
318	169
316	169
315	170
314	170
313	171
311	171
310	172
309	172
308	173
300	173
299	174
297	174
296	175
295	175
293	177
292	177
291	178
290	178
289	179
287	179
286	180
284	180
283	181
282	181
281	182
280	182
279	183
278	183
277	184
276	184
275	185
274	185
272	187
271	187
270	188
269	188
268	189
267	189
266	190
265	190
261	194
260	194
258	196
257	196
255	198
254	198
251	201
250	201
248	203
247	203
243	207
242	207
239	210
238	210
218	230
217	230
216	231
216	232
212	236
212	237
209	240
209	241
205	245
205	246
187	264
187	265
185	267
185	268
184	269
184	270
182	272
182	273
181	274
181	275
180	276
180	277
178	279
178	280
177	281
177	282
176	283
176	284
175	285
175	286
174	287
174	288
173	289
173	290
171	292
171	293
170	294
170	295
169	296
169	297
167	299
167	301
166	302
166	306
165	307
165	310
164	311
164	313
163	314
163	315
161	317
161	318
159	320
159	321
158	322
158	327
157	328
157	330
156	331
156	332
154	334
154	335
151	338
151	339
150	340
150	341
149	342
149	344
148	345
148	351
147	352
147	353
146	354
146	357
145	358
145	359
144	360
144	362
142	364
142	365
141	366
141	367
140	368
140	369
139	370
139	371
137	373
137	374
136	375
136	376
134	378
134	379
133	380
133	381
132	382
132	383
131	384
131	385
130	386
130	387
129	388
129	389
128	390
128	391
127	392
127	393
126	394
126	395
125	396
125	397
124	398
124	400
123	401
123	404
122	405
122	408
121	409
121	412
120	413
120	425
121	426
121	429
122	430
122	455
121	456
121	458
120	459
120	460
118	462
118	463
117	464
117	465
116	466
116	468
115	469
115	480
116	481
116	485
117	486
117	490
118	491
118	493
119	494
119	496
120	497
120	499
121	500
121	501
122	502
122	504
123	505
123	506
124	507
124	508
125	509
125	510
126	511
126	513
127	514
127	516
128	517
128	518
129	519
129	520
131	522
131	523
132	524
132	525
133	526
133	528
134	529
134	531
135	532
135	533
136	534
136	536
137	537
137	540
138	541
138	542
139	543
139	544
140	545
140	547
141	548
141	549
142	550
142	551
144	553
144	554
145	555
145	556
146	557
146	558
147	559
147	560
148	561
148	562
150	564
150	565
154	569
154	570
158	574
158	575
160	577
160	578
162	580
162	581
165	584
165	585
166	586
166	587
167	588
167	589
168	590
168	591
169	592
169	593
170	594
170	595
173	598
173	599
177	603
177	604
180	607
180	608
182	610
182	611
186	615
186	616
190	620
190	621
193	624
194	624
196	626
197	626
198	627
200	627
201	628
202	628
203	629
205	629
206	630
207	630
209	632
210	632
212	634
213	634
216	637
217	637
219	639
220	639
222	641
223	641
224	642
225	642
226	643
227	643
230	646
231	646
234	649
235	649
237	651
238	651
239	652
240	652
242	654
243	654
244	655
245	655
248	658
249	658
250	659
251	659
253	661
254	661
255	662
256	662
257	663
258	663
259	664
260	664
261	665
262	665
263	666
264	666
265	667
267	667
268	668
269	668
270	669
271	669
272	670
273	670
274	671
276	671
277	672
278	672
279	673
281	673
282	674
283	674
284	675
285	675
286	676
288	676
289	677
290	677
291	678
295	678
296	679
306	679
307	680
310	680
311	681
313	681
314	682
316	682
317	683
319	683
320	684
323	684
324	685
326	685
327	686
329	686
330	687
339	687
340	688
342	688
343	689
345	689
346	690
349	690
350	691
354	691
355	692
358	692
359	693
363	693
364	694
368	694
369	695
373	695
374	696
377	696
378	697
382	697
383	698
389	698
390	699
423	699
424	700
427	700
428	701
430	701
431	702
436	702
437	703
446	703
447	704
462	704
463	703
466	703
467	702
470	702
471	701
473	701
474	700
476	700
477	699
479	699
480	698
482	698
483	697
485	697
486	696
498	696
499	695
502	695
503	694
505	694
506	693
508	693
509	692
511	692
512	691
513	691
514	690
515	690
516	689
517	689
518	688
519	688
520	687
521	687
522	686
524	686
525	685
527	685
528	684
540	684
541	683
542	683
549	676
550	676
551	675
553	675
554	674
556	674
557	673
561	673
562	672
565	672
566	671
568	671
569	670
571	670
572	669
573	669
574	668
575	668
576	667
577	667
578	666
579	666
581	664
582	664
586	660
586	659
588	657
588	656
589	655
589	654
601	642
601	641
603	639
604	639
607	636
608	636
609	635
610	635
611	634
612	634
613	633
614	633
615	632
616	632
618	630
619	630
627	622
627	621
629	619
629	618
631	616
631	615
632	614
632	613
633	612
633	611
634	610
634	609
635	608
635	607
637	605
637	604
642	599
668	599
670	601
670	624
670	623
672	621
672	620
673	619
673	618
674	617
674	616
675	615
675	613
677	611
677	610
679	608
679	607
680	606
680	605
681	604
681	603
682	602
682	601
684	599
684	598
686	596
686	595
687	594
687	593
689	591
689	590
690	589
690	588
691	587
691	586
692	585
692	584
693	583
693	582
695	580
695	579
696	578
696	577
697	576
697	575
698	574
698	572
699	571
699	569
700	568
700	566
701	565
701	564
702	563
702	561
703	560
703	559
704	558
704	556
705	555
705	553
706	552
706	550
707	549
707	546
708	545
708	543
709	542
709	540
710	539
710	537
711	536
711	534
712	533
712	531
713	530
713	527
714	526
714	523
715	522
715	520
716	519
716	514
717	513
717	509
718	508
718	504
719	503
719	493
720	492
720	475
721	474
721	461
719	463
719	464
718	465
718	467
717	468
717	469
716	470
716	483
715	484
715	485
714	486
705	486
703	488
703	489
702	490
702	491
700	493
675	493
674	492
674	491
673	490
673	487
672	486
672	482
671	481
671	469
670	468
670	462
669	461
669	458
668	457
668	452
667	451
667	448
666	447
666	444
665	443
665	441
664	440
664	438
663	437
663	434
662	433
662	431
661	430
661	428
660	427
660	423
659	422
659	419
658	418
658	411
657	410
657	405
656	404
656	400
655	399
655	394
654	393
654	387
653	386
653	382
652	381
652	379
651	378
651	375
650	374
650	372
649	371
649	368
648	367
648	365
647	364
647	361
646	360
646	356
645	355
645	353
644	352
644	350
643	349
643	348
642	347
642	346
641	345
641	344
640	343
640	342
638	340
638	339
636	337
636	336
635	335
635	334
630	329
628	329
627	328
626	328
622	324
622	323
620	321
620	319
619	318
619	315
618	314
618	310
617	309
617	306
616	305
616	303
615	302
615	301
614	300
614	299
613	298
613	297
612	296
612	295
610	293
610	292
605	287
605	286
601	282
600	282
598	280
597	280
595	278
594	278
591	275
590	275
573	258
573	257
565	249
564	249
559	244
558	244
556	242
555	242
551	238
550	238
546	234
545	234
542	231
541	231
539	229
538	229
533	224
532	224
528	220
527	220
525	218
524	218
521	215
520	215
518	213
517	213
514	210
513	210
511	208
510	208
507	205
506	205
504	203
503	203
501	201
500	201
499	200
498	200
496	198
495	198
493	196
492	196
490	194
489	194
487	192
486	192
484	190
483	190
482	189
480	189
479	188
478	188
477	187
475	187
474	186
472	186
471	185
469	185
468	184
467	184
466	183
464	183
463	182
461	182
460	181
458	181
457	180
455	180
454	179
452	179
451	178
449	178
448	177
447	177
446	176
444	176
443	175
441	175
440	174
436	174
435	173
432	173
431	172
428	172
427	171
423	171
422	170
417	170
416	169
410	169
409	168
406	168
405	167
403	167
402	166
400	166
399	165
397	165
396	164
394	164
393	163
389	163
388	162
386	162
385	161
