363	145
362	146
353	146
352	147
336	147
335	148
332	148
331	149
329	149
328	150
325	150
324	151
321	151
320	152
317	152
316	153
314	153
313	154
310	154
309	155
307	155
306	156
304	156
303	157
300	157
299	158
297	158
296	159
294	159
293	160
291	160
290	161
289	161
288	162
287	162
286	163
285	163
284	164
283	164
282	165
281	165
280	166
279	166
278	167
277	167
275	169
274	169
273	170
272	170
271	171
270	171
268	173
267	173
266	174
265	174
264	175
263	175
261	177
260	177
257	180
256	180
254	182
253	182
233	202
233	203
225	211
224	211
216	219
216	220
210	226
210	227
206	231
206	232
204	234
204	235
202	237
202	238
201	239
201	240
199	242
199	243
197	245
197	246
196	247
196	249
194	251
194	252
193	253
193	254
190	257
190	258
188	260
188	261
185	264
185	265
183	267
183	268
181	270
181	271
180	272
180	273
179	274
179	276
178	277
178	278
177	279
177	281
176	282
176	283
175	284
175	286
174	287
174	289
173	290
173	293
172	294
172	296
171	297
171	299
170	300
170	303
169	304
169	306
168	307
168	308
166	310
166	311
165	312
165	313
163	315
163	317
162	318
162	319
161	320
161	321
160	322
160	323
159	324
159	325
157	327
157	328
156	329
156	330
155	331
155	333
154	334
154	337
153	338
153	340
152	341
152	342
151	343
151	344
150	345
150	347
149	348
149	350
148	351
148	353
147	354
147	355
146	356
146	358
145	359
145	361
144	362
144	364
143	365
143	368
142	369
142	370
141	371
141	372
140	373
140	375
139	376
139	378
138	379
138	382
137	383
137	384
136	385
136	387
135	388
135	390
134	391
134	393
133	394
133	396
132	397
132	398
131	399
131	401
130	402
130	404
129	405
129	408
128	409
128	412
127	413
127	415
126	416
126	420
125	421
125	425
124	426
124	431
123	432
123	457
122	458
122	461
121	462
122	463
122	466
123	467
123	470
124	471
124	474
125	475
125	477
126	478
126	494
127	495
127	517
128	518
128	522
129	523
129	526
130	527
130	529
131	530
131	532
132	533
132	535
133	536
133	537
134	538
134	539
135	540
135	542
136	543
136	544
137	545
137	546
139	548
139	549
140	550
140	551
141	552
141	553
142	554
142	555
143	556
143	557
144	558
144	559
146	561
146	562
148	564
148	565
150	567
150	568
152	570
152	571
154	573
154	574
155	575
155	576
156	577
156	578
158	580
158	581
159	582
159	583
183	607
183	608
184	609
184	611
185	612
185	613
186	614
186	615
187	616
187	617
191	621
191	622
192	623
192	624
193	625
193	626
194	627
194	629
195	630
195	631
196	632
196	633
198	635
198	636
203	641
203	642
209	648
210	648
211	649
212	649
213	650
214	650
215	651
216	651
219	654
220	654
222	656
223	656
225	658
226	658
227	659
228	659
229	660
230	660
233	663
233	664
234	665
234	666
235	667
235	668
236	669
237	669
240	672
241	672
244	675
245	675
257	687
258	687
262	691
263	691
267	695
268	695
269	696
271	696
272	697
274	697
276	699
277	699
281	703
282	703
283	704
284	704
286	706
288	706
289	707
294	707
295	708
297	708
298	709
301	709
302	710
306	710
307	711
309	711
310	712
311	712
312	713
313	713
314	714
315	714
317	716
318	716
319	717
320	717
321	718
322	718
323	719
325	719
326	720
339	720
340	721
343	721
344	722
366	722
367	723
369	723
370	724
372	724
373	725
377	725
378	726
387	726
388	727
389	727
393	731
397	731
398	732
403	732
404	733
405	733
406	732
409	732
410	731
418	731
419	730
424	730
425	729
427	729
428	728
459	728
460	727
462	727
463	726
464	726
465	725
466	725
467	724
468	724
469	723
471	723
472	722
476	722
477	721
478	721
487	712
489	712
490	711
492	711
493	710
495	710
496	709
497	709
499	707
500	707
501	706
502	706
504	704
505	704
506	703
508	703
509	702
510	702
512	700
513	700
514	699
515	699
516	698
517	698
518	697
519	697
520	696
521	696
522	695
524	695
525	694
526	694
527	693
528	693
530	691
531	691
533	689
534	689
536	687
537	687
539	685
540	685
544	681
545	681
549	677
550	677
553	674
554	674
557	671
558	671
572	657
572	656
580	648
580	647
582	645
583	645
585	643
586	643
587	642
588	642
589	641
590	641
591	640
592	640
593	639
594	639
595	638
596	638
597	637
599	637
600	636
602	636
603	635
604	635
606	633
607	633
608	632
609	632
611	630
612	630
613	629
614	629
618	625
619	625
621	623
621	622
626	617
626	616
632	610
632	609
640	601
641	601
643	599
644	599
649	594
649	593
651	591
651	589
652	588
652	587
654	585
654	584
655	583
655	582
656	581
656	580
657	579
657	577
658	576
658	575
659	574
659	572
660	571
660	569
661	568
661	566
662	565
662	563
663	562
663	560
664	559
664	557
665	556
665	554
666	553
666	545
667	544
667	541
668	540
668	538
669	537
669	536
670	535
670	533
671	532
671	526
672	525
672	521
673	520
673	511
674	510
674	504
675	503
675	496
676	495
676	474
677	473
677	445
676	444
676	414
677	413
677	411
679	409
703	409
704	410
704	411
705	412
705	414
706	415
706	416
707	417
707	418
709	420
709	421
710	422
710	444
711	445
711	446
712	447
712	449
713	450
713	453
714	454
714	456
715	457
715	463
725	463
725	435
726	434
726	432
725	431
725	419
724	418
724	411
723	410
723	406
722	405
722	399
721	398
721	394
720	393
720	390
719	389
719	386
718	385
718	383
717	382
717	379
716	378
716	373
715	372
715	370
714	369
714	366
713	365
713	363
712	362
712	360
711	359
711	357
711	369
710	370
710	371
708	373
707	373
704	376
704	377
703	378
703	379
702	380
702	381
700	383
700	384
699	385
699	386
698	387
672	387
671	386
671	385
670	384
670	382
669	381
669	380
668	379
668	378
667	377
667	375
666	374
666	373
664	371
664	370
663	369
663	368
662	367
662	366
661	365
661	364
660	363
660	362
659	361
659	359
658	358
658	357
657	356
657	355
656	354
656	353
655	352
655	351
654	350
654	348
653	347
653	345
652	344
652	342
651	341
651	340
650	339
650	338
649	337
649	336
648	335
648	333
647	332
647	331
646	330
646	329
645	328
645	327
644	326
644	325
643	324
643	323
641	321
641	320
639	318
639	317
637	315
637	314
635	312
635	311
633	309
633	308
630	305
630	304
627	301
627	300
622	295
621	295
613	287
613	286
611	284
610	284
607	281
606	281
604	279
603	279
601	277
600	277
599	276
598	276
593	271
593	270
592	269
592	268
590	266
590	265
589	264
589	263
588	262
588	260
587	259
587	256
586	255
586	251
585	250
585	249
584	248
584	247
583	246
583	245
567	229
566	229
557	220
556	220
544	208
543	208
541	206
540	206
539	205
538	205
536	203
535	203
533	201
532	201
531	200
530	200
528	198
527	198
526	197
525	197
524	196
523	196
521	194
520	194
518	192
517	192
515	190
514	190
513	189
512	189
511	188
510	188
509	187
508	187
507	186
506	186
505	185
503	185
502	184
501	184
500	183
498	183
497	182
496	182
495	181
494	181
492	179
490	179
489	178
488	178
487	177
486	177
485	176
484	176
483	175
482	175
481	174
480	174
479	173
478	173
477	172
476	172
475	171
474	171
473	170
472	170
471	169
469	169
468	168
466	168
465	167
463	167
462	166
461	166
460	165
459	165
458	164
457	164
456	163
453	163
452	162
450	162
449	161
446	161
445	160
442	160
441	159
439	159
438	158
436	158
435	157
433	157
432	156
429	156
428	155
426	155
425	154
422	154
421	153
418	153
417	152
415	152
414	151
410	151
409	150
407	150
406	149
404	149
403	148
396	148
395	147
391	147
390	146
364	146
