382	80
381	81
373	81
372	82
369	82
368	83
365	83
364	84
361	84
360	85
359	85
358	86
357	86
354	89
353	89
352	90
350	90
349	91
335	91
334	92
332	92
331	93
330	93
329	94
328	94
327	95
326	95
324	97
323	97
322	98
320	98
319	99
318	99
317	100
316	100
312	104
311	104
309	106
308	106
299	115
298	115
296	117
295	117
293	119
292	119
291	120
290	120
289	121
288	121
287	122
286	122
284	124
283	124
282	125
280	125
278	127
277	127
275	129
274	129
272	131
271	131
270	132
269	132
267	134
266	134
265	135
264	135
262	137
261	137
259	139
258	139
257	140
256	140
255	141
254	141
252	143
251	143
246	148
245	148
244	149
243	149
242	150
241	150
239	152
238	152
237	153
236	153
235	154
226	154
225	155
222	155
221	156
220	156
219	157
218	157
216	159
215	159
208	166
208	169
207	170
207	174
205	176
205	177
195	187
195	188
193	190
193	191
192	192
192	193
188	197
177	197
174	200
174	214
173	215
173	216
172	217
172	218
170	220
170	221
168	223
168	224
165	227
165	228
162	231
162	232
161	233
161	234
160	235
160	236
159	237
159	238
158	239
158	240
157	241
157	242
156	243
156	244
155	245
155	246
154	247
154	248
153	249
153	250
152	251
152	252
151	253
151	255
150	256
150	258
149	259
149	260
147	262
147	263
146	264
146	266
145	267
145	269
144	270
144	274
143	275
143	277
142	278
142	280
141	281
141	284
140	285
140	287
139	288
139	290
138	291
138	293
137	294
137	297
136	298
136	300
135	301
135	303
134	304
134	307
133	308
133	311
132	312
132	315
131	316
131	318
130	319
130	321
129	322
129	326
128	327
128	335
127	336
127	379
126	380
126	392
125	393
125	403
126	404
126	406
127	407
127	409
128	410
128	411
129	412
129	413
130	414
130	415
131	416
131	417
132	418
132	419
133	420
133	422
134	423
134	426
135	427
135	433
136	434
136	437
137	438
137	441
138	442
138	450
139	451
139	454
140	455
140	458
141	459
141	463
142	464
142	466
143	467
143	469
144	470
144	471
145	472
145	473
146	474
146	476
147	477
147	479
148	480
148	481
149	482
149	483
150	484
150	485
151	486
151	488
152	489
152	491
153	492
153	493
154	494
154	497
155	498
155	504
156	505
156	510
157	511
157	513
158	514
158	515
159	516
159	517
160	518
160	519
161	520
161	522
162	523
162	524
164	526
164	527
165	528
165	529
167	531
167	532
171	536
171	537
175	541
175	542
177	544
178	544
180	546
181	546
184	549
184	550
185	551
185	552
189	556
190	556
192	558
193	558
204	569
204	570
206	572
206	573
211	578
211	579
213	581
213	582
233	602
234	602
235	603
236	603
239	606
240	606
243	609
244	609
246	611
247	611
249	613
250	613
252	615
253	615
254	616
255	616
256	617
257	617
259	619
260	619
261	620
262	620
263	621
264	621
265	622
274	622
275	623
278	623
279	624
280	624
281	625
283	625
284	626
285	626
286	627
287	627
288	628
290	628
291	629
294	629
295	630
297	630
298	631
300	631
301	632
302	632
303	633
305	633
306	634
307	634
308	635
311	635
312	636
315	636
316	637
317	637
318	638
319	638
320	639
322	639
323	640
324	640
325	641
326	641
327	642
328	642
329	643
330	643
331	644
332	644
333	645
335	645
336	646
337	646
338	647
339	647
340	648
342	648
343	649
344	649
345	650
346	650
348	652
349	652
350	653
351	653
352	654
354	654
355	655
356	655
357	656
359	656
360	657
362	657
363	658
365	658
366	659
367	659
368	660
370	660
371	661
374	661
375	662
378	662
379	663
381	663
382	664
384	664
385	665
387	665
388	666
391	666
392	667
396	667
397	668
401	668
402	669
409	669
410	670
417	670
418	671
419	671
420	670
435	670
436	669
444	669
445	668
448	668
449	667
453	667
454	666
460	666
461	665
463	665
464	664
468	664
469	663
472	663
473	662
477	662
478	661
481	661
482	660
485	660
486	659
488	659
489	658
491	658
492	657
494	657
495	656
496	656
497	655
499	655
500	654
501	654
502	653
504	653
505	652
506	652
507	651
508	651
510	649
511	649
512	648
513	648
514	647
515	647
516	646
517	646
518	645
519	645
520	644
521	644
522	643
523	643
524	642
526	642
527	641
528	641
529	640
530	640
531	639
532	639
534	637
535	637
538	634
539	634
541	632
542	632
545	629
546	629
549	626
550	626
552	624
553	624
554	623
555	623
557	621
558	621
561	618
562	618
564	616
565	616
569	612
570	612
582	600
582	599
592	589
592	588
594	586
594	585
598	581
598	580
600	578
600	577
603	574
603	573
607	569
607	568
609	566
609	565
611	563
611	562
614	559
614	558
617	555
617	554
618	553
618	552
621	549
621	548
624	545
624	544
627	541
627	540
629	538
629	537
630	536
630	535
631	534
631	533
632	532
632	531
633	530
633	529
634	528
634	527
635	526
635	525
636	524
636	523
637	522
637	521
639	519
639	518
640	517
640	516
641	515
641	514
642	513
642	510
643	509
643	507
644	506
644	505
645	504
645	502
646	501
646	500
647	499
647	497
648	496
648	495
649	494
649	491
650	490
650	487
651	486
651	482
652	481
652	479
653	478
653	476
654	475
654	473
655	472
655	470
656	469
656	467
657	466
657	463
658	462
658	460
659	459
659	457
660	456
660	455
661	454
661	453
662	452
662	451
663	450
663	449
664	448
664	447
665	446
665	444
666	443
666	440
667	439
667	437
668	436
668	432
669	431
669	418
668	417
668	413
667	412
667	369
668	368
668	366
669	365
669	363
670	362
670	348
671	347
671	335
672	334
672	331
671	330
671	318
670	317
670	312
669	311
669	308
668	307
668	305
667	304
667	303
666	302
666	300
665	299
665	297
664	296
664	294
663	293
663	291
662	290
662	287
661	286
661	282
660	281
660	278
659	277
659	275
658	274
658	271
657	270
657	268
656	267
656	264
655	263
655	261
654	260
654	258
653	257
653	256
652	255
652	253
651	252
651	250
650	249
650	246
649	245
649	243
648	242
648	241
647	240
647	238
646	237
646	234
645	233
645	231
644	230
644	228
643	227
643	226
642	225
642	223
641	222
641	221
640	220
640	218
639	217
639	216
638	215
638	214
637	213
637	212
636	211
636	210
635	209
635	207
634	206
634	205
633	204
633	202
632	201
632	200
631	199
631	197
630	196
630	194
629	193
629	191
628	190
628	189
627	188
627	187
626	186
626	185
624	183
624	182
622	180
622	179
620	177
620	176
618	174
618	173
614	169
614	168
611	165
610	165
595	150
594	150
592	148
591	148
590	147
589	147
588	146
587	146
586	145
585	145
584	144
582	144
581	143
580	143
579	142
577	142
576	141
575	141
574	140
572	140
571	139
570	139
569	138
568	138
567	137
566	137
565	136
564	136
562	134
561	134
560	133
559	133
558	132
557	132
555	130
554	130
553	129
552	129
551	128
550	128
549	127
548	127
547	126
546	126
545	125
544	125
543	124
541	124
540	123
538	123
537	122
535	122
534	121
533	121
532	120
531	120
530	119
528	119
527	118
526	118
525	117
524	117
523	116
522	116
521	115
519	115
518	114
517	114
516	113
515	113
514	112
513	112
512	111
511	111
510	110
509	110
508	109
507	109
506	108
505	108
504	107
503	107
502	106
500	106
499	105
497	105
496	104
493	104
492	103
491	103
490	102
488	102
487	101
486	101
485	100
484	100
483	99
482	99
481	98
479	98
478	97
476	97
475	96
473	96
472	95
470	95
469	94
468	94
467	93
465	93
464	92
461	92
460	91
458	91
457	90
454	90
453	89
450	89
449	88
429	88
428	87
424	87
423	86
419	86
418	85
415	85
414	84
412	84
411	83
406	83
405	82
399	82
398	81
385	81
384	80
382	80
381	81
373	81
372	82
369	82
368	83
365	83
364	84
361	84
360	85
359	85
358	86
357	86
354	89
353	89
352	90
350	90
349	91
335	91
334	92
332	92
331	93
330	93
329	94
328	94
327	95
326	95
324	97
323	97
322	98
320	98
319	99
318	99
317	100
316	100
312	104
311	104
309	106
308	106
299	115
298	115
296	117
295	117
293	119
292	119
291	120
290	120
289	121
288	121
287	122
286	122
284	124
283	124
282	125
280	125
278	127
277	127
275	129
274	129
272	131
271	131
270	132
269	132
267	134
266	134
265	135
264	135
262	137
261	137
259	139
258	139
257	140
256	140
255	141
254	141
252	143
251	143
246	148
245	148
244	149
243	149
242	150
241	150
239	152
238	152
237	153
236	153
235	154
226	154
225	155
222	155
221	156
220	156
219	157
218	157
216	159
215	159
208	166
208	169
207	170
207	174
205	176
205	177
195	187
195	188
193	190
193	191
192	192
192	193
188	197
177	197
174	200
174	214
173	215
173	216
172	217
172	218
170	220
170	221
168	223
168	224
165	227
165	228
162	231
162	232
161	233
161	234
160	235
160	236
159	237
159	238
158	239
158	240
157	241
157	242
156	243
156	244
155	245
155	246
154	247
154	248
153	249
153	250
152	251
152	252
151	253
151	255
150	256
150	258
149	259
149	260
147	262
147	263
146	264
146	266
145	267
145	269
144	270
144	274
143	275
143	277
142	278
142	280
141	281
141	284
140	285
140	287
139	288
139	290
138	291
138	293
137	294
137	297
136	298
136	300
135	301
135	303
134	304
134	307
133	308
133	311
132	312
132	315
131	316
131	318
130	319
130	321
129	322
129	326
128	327
128	335
127	336
127	379
126	380
126	392
125	393
125	403
126	404
126	406
127	407
127	409
128	410
128	411
129	412
129	413
130	414
130	415
131	416
131	417
132	418
132	419
133	420
133	422
134	423
134	426
135	427
135	433
136	434
136	437
137	438
137	441
138	442
138	450
139	451
139	454
140	455
140	458
141	459
141	463
142	464
142	466
143	467
143	469
144	470
144	471
145	472
145	473
146	474
146	476
147	477
147	479
148	480
148	481
149	482
149	483
150	484
150	485
151	486
151	488
152	489
152	491
153	492
153	493
154	494
154	497
155	498
155	504
156	505
156	510
157	511
157	513
158	514
158	515
159	516
159	517
160	518
160	519
161	520
161	522
162	523
162	524
164	526
164	527
165	528
165	529
167	531
167	532
171	536
171	537
175	541
175	542
177	544
178	544
180	546
181	546
184	549
184	550
185	551
185	552
189	556
190	556
192	558
193	558
204	569
204	570
206	572
206	573
211	578
211	579
213	581
213	582
233	602
234	602
235	603
236	603
239	606
240	606
243	609
244	609
246	611
247	611
249	613
250	613
252	615
253	615
254	616
255	616
256	617
257	617
259	619
260	619
261	620
262	620
263	621
264	621
265	622
274	622
275	623
278	623
279	624
280	624
281	625
283	625
284	626
285	626
286	627
287	627
288	628
290	628
291	629
294	629
295	630
297	630
298	631
300	631
301	632
302	632
303	633
305	633
306	634
307	634
308	635
311	635
312	636
315	636
316	637
317	637
318	638
319	638
320	639
322	639
323	640
324	640
325	641
326	641
327	642
328	642
329	643
330	643
331	644
332	644
333	645
335	645
336	646
337	646
338	647
339	647
340	648
342	648
343	649
344	649
345	650
346	650
348	652
349	652
350	653
351	653
352	654
354	654
355	655
356	655
357	656
359	656
360	657
362	657
363	658
365	658
366	659
367	659
368	660
370	660
371	661
374	661
375	662
378	662
379	663
381	663
382	664
384	664
385	665
387	665
388	666
391	666
392	667
396	667
397	668
401	668
402	669
409	669
410	670
417	670
418	671
419	671
420	670
435	670
436	669
444	669
445	668
448	668
449	667
453	667
454	666
460	666
461	665
463	665
464	664
468	664
469	663
472	663
473	662
477	662
478	661
481	661
482	660
485	660
486	659
488	659
489	658
491	658
492	657
494	657
495	656
496	656
497	655
499	655
500	654
501	654
502	653
504	653
505	652
506	652
507	651
508	651
510	649
511	649
512	648
513	648
514	647
515	647
516	646
517	646
518	645
519	645
520	644
521	644
522	643
523	643
524	642
526	642
527	641
528	641
529	640
530	640
531	639
532	639
534	637
535	637
538	634
539	634
541	632
542	632
545	629
546	629
549	626
550	626
552	624
553	624
554	623
555	623
557	621
558	621
561	618
562	618
564	616
565	616
569	612
570	612
582	600
582	599
592	589
592	588
594	586
594	585
598	581
598	580
600	578
600	577
603	574
603	573
607	569
607	568
609	566
609	565
611	563
611	562
614	559
614	558
617	555
617	554
618	553
618	552
621	549
621	548
624	545
624	544
627	541
627	540
629	538
629	537
630	536
630	535
631	534
631	533
632	532
632	531
633	530
633	529
634	528
634	527
635	526
635	525
636	524
636	523
637	522
637	521
639	519
639	518
640	517
640	516
641	515
641	514
642	513
642	510
643	509
643	507
644	506
644	505
645	504
645	502
646	501
646	500
647	499
647	497
648	496
648	495
649	494
649	491
650	490
650	487
651	486
651	482
652	481
652	479
653	478
653	476
654	475
654	473
655	472
655	470
656	469
656	467
657	466
657	463
658	462
658	460
659	459
659	457
660	456
660	455
661	454
661	453
662	452
662	451
663	450
663	449
664	448
664	447
665	446
665	444
666	443
666	440
667	439
667	437
668	436
668	432
669	431
669	418
668	417
668	413
667	412
667	369
668	368
668	366
669	365
669	363
670	362
670	348
671	347
671	335
672	334
672	331
671	330
671	318
670	317
670	312
669	311
669	308
668	307
668	305
667	304
667	303
666	302
666	300
665	299
665	297
664	296
664	294
663	293
663	291
662	290
662	287
661	286
661	282
660	281
660	278
659	277
659	275
658	274
658	271
657	270
657	268
656	267
656	264
655	263
655	261
654	260
654	258
653	257
653	256
652	255
652	253
651	252
651	250
650	249
650	246
649	245
649	243
648	242
648	241
647	240
647	238
646	237
646	234
645	233
645	231
644	230
644	228
643	227
643	226
642	225
642	223
641	222
641	221
640	220
640	218
639	217
639	216
638	215
638	214
637	213
637	212
636	211
636	210
635	209
635	207
634	206
634	205
633	204
633	202
632	201
632	200
631	199
631	197
630	196
630	194
629	193
629	191
628	190
628	189
627	188
627	187
626	186
626	185
624	183
624	182
622	180
622	179
620	177
620	176
618	174
618	173
614	169
614	168
611	165
610	165
595	150
594	150
592	148
591	148
590	147
589	147
588	146
587	146
586	145
585	145
584	144
582	144
581	143
580	143
579	142
577	142
576	141
575	141
574	140
572	140
571	139
570	139
569	138
568	138
567	137
566	137
565	136
564	136
562	134
561	134
560	133
559	133
558	132
557	132
555	130
554	130
553	129
552	129
551	128
550	128
549	127
548	127
547	126
546	126
545	125
544	125
543	124
541	124
540	123
538	123
537	122
535	122
534	121
533	121
532	120
531	120
530	119
528	119
527	118
526	118
525	117
524	117
523	116
522	116
521	115
519	115
518	114
517	114
516	113
515	113
514	112
513	112
512	111
511	111
510	110
509	110
508	109
507	109
506	108
505	108
504	107
503	107
502	106
500	106
499	105
497	105
496	104
493	104
492	103
491	103
490	102
488	102
487	101
486	101
485	100
484	100
483	99
482	99
481	98
479	98
478	97
476	97
475	96
473	96
472	95
470	95
469	94
468	94
467	93
465	93
464	92
461	92
460	91
458	91
457	90
454	90
453	89
450	89
449	88
429	88
428	87
424	87
423	86
419	86
418	85
415	85
414	84
412	84
411	83
406	83
405	82
399	82
398	81
385	81
384	80
