387	58
386	59
385	59
384	60
383	60
382	61
372	61
371	62
369	62
369	63
370	63
371	64
396	64
397	65
399	65
400	66
406	66
407	67
431	67
432	68
434	68
435	69
436	69
437	70
438	70
439	71
439	82
437	84
436	84
435	85
434	85
433	86
430	86
429	87
423	87
422	88
418	88
417	89
403	89
402	90
398	90
397	91
390	91
389	92
386	92
385	93
383	93
382	94
379	94
378	95
376	95
375	96
373	96
372	97
371	97
370	98
368	98
367	99
365	99
364	100
363	100
362	101
359	101
358	102
356	102
355	103
353	103
352	104
351	104
350	105
349	105
348	106
345	106
344	107
342	107
341	108
339	108
338	109
337	109
335	111
334	111
333	112
332	112
330	114
329	114
328	115
326	115
325	116
324	116
323	117
322	117
321	118
319	118
318	119
317	119
316	120
314	120
313	121
311	121
310	122
308	122
307	123
306	123
305	124
303	124
302	125
301	125
300	126
299	126
298	127
292	127
291	128
289	128
288	129
287	129
286	130
285	130
278	137
278	138
276	140
276	141
275	142
275	143
274	144
274	146
273	147
273	152
272	153
272	155
261	166
261	167
259	169
259	170
257	172
257	173
255	175
255	176
253	178
253	179
252	180
252	181
251	182
251	183
249	185
249	186
247	188
247	189
246	190
246	191
244	193
244	195
243	196
243	197
242	198
242	199
241	200
241	202
240	203
240	204
239	205
239	206
237	208
237	209
231	215
231	216
230	217
230	218
229	219
229	220
228	221
228	222
227	223
227	224
226	225
226	226
225	227
225	228
222	231
222	232
220	234
220	235
219	236
219	237
218	238
218	239
217	240
217	241
216	242
216	245
215	246
215	249
214	250
214	251
212	253
212	254
209	257
209	258
206	261
205	261
204	262
203	262
202	263
201	263
199	265
198	265
195	268
194	268
192	270
191	270
185	276
185	277
184	278
183	278
181	280
180	280
177	283
177	284
176	285
176	287
173	290
172	290
171	291
160	291
159	290
159	291
158	292
158	303
154	307
153	307
152	308
151	308
150	309
149	309
148	310
147	310
146	311
145	311
144	312
143	312
142	313
141	313
140	314
139	314
137	316
136	316
132	320
131	320
123	328
123	329
108	344
108	345
102	351
101	351
98	354
97	354
88	363
87	363
86	364
85	364
83	366
82	366
82	367
80	369
80	371
79	372
79	375
78	376
78	377
77	378
77	379
73	383
72	383
71	384
68	384
66	386
66	387
65	388
65	391
64	392
64	408
63	409
63	410
62	411
62	412
60	414
60	415
58	417
58	418
56	420
56	421
55	422
55	424
54	425
54	435
53	436
53	438
52	439
52	441
51	442
51	444
50	445
50	446
48	448
48	449
46	451
35	451
33	449
33	448
30	445
30	444
29	443
29	435
28	434
28	432
27	431
25	431
21	435
21	436
22	437
22	440
23	441
23	443
24	444
24	446
25	447
25	448
26	449
26	450
27	451
27	452
28	453
28	455
29	456
29	458
30	459
30	461
31	462
31	491
32	492
32	496
33	497
33	499
34	500
34	508
35	509
35	522
36	523
36	524
37	525
37	527
38	528
38	529
39	530
39	532
40	533
40	536
41	537
41	540
42	541
42	544
43	545
43	548
44	549
44	552
45	553
45	555
46	556
46	559
47	560
47	562
48	563
48	566
49	567
49	570
50	571
50	574
51	575
51	585
52	586
52	588
54	590
54	591
55	592
55	593
56	594
56	595
63	602
63	603
64	604
64	605
65	606
65	607
66	608
66	610
67	611
67	612
68	613
68	614
69	615
69	616
70	617
70	619
71	620
71	631
70	632
71	633
71	635
73	637
73	638
81	646
82	646
83	647
86	647
87	648
89	648
97	656
97	657
99	659
99	660
100	661
100	662
103	665
103	666
107	670
108	670
110	672
110	673
113	676
113	677
115	679
115	680
117	682
117	683
118	683
120	685
121	685
126	690
126	691
127	692
127	693
128	694
128	697
129	698
129	700
133	704
134	704
135	705
136	705
137	706
139	706
140	707
142	707
142	706
141	705
141	704
140	703
140	702
138	700
138	699
136	697
136	696
134	694
134	693
133	692
133	690
131	688
131	687
130	686
130	684
129	683
129	682
128	681
128	679
127	678
127	677
126	676
126	675
114	663
114	662
111	659
111	658
109	656
109	655
108	654
108	652
107	651
107	649
106	648
106	647
105	646
105	644
103	642
103	641
102	640
102	639
100	637
100	635
99	634
99	633
98	632
98	629
97	628
97	627
95	625
95	624
92	621
92	620
91	619
91	618
90	617
90	616
89	615
89	603
90	602
100	602
106	608
106	609
110	613
110	614
111	615
111	617
112	618
112	619
115	622
115	623
120	628
120	629
124	633
124	634
125	635
126	635
132	641
133	641
135	643
135	644
141	650
141	652
143	654
143	655
144	656
144	657
145	658
145	668
148	671
149	671
150	672
151	672
153	674
153	675
154	676
154	680
155	681
155	683
158	686
159	686
160	687
163	687
166	684
166	683
167	682
179	682
180	683
182	683
183	684
184	684
185	685
186	685
188	687
188	697
187	698
186	698
187	699
187	700
188	701
188	702
189	703
189	704
190	705
190	723
187	726
186	726
185	727
185	728
186	728
188	730
189	730
191	732
192	732
196	736
196	737
199	740
200	740
203	743
204	743
206	745
207	745
208	746
209	746
210	747
211	747
212	748
221	748
222	747
233	747
234	748
236	748
237	749
238	749
241	752
241	763
242	763
243	764
244	764
245	765
246	765
247	766
248	766
249	767
250	767
251	768
267	768
272	773
272	774
274	776
275	776
276	777
281	777
282	778
285	778
286	779
288	779
289	780
291	780
292	781
293	781
294	782
296	782
297	783
299	783
300	784
302	784
303	783
305	783
306	782
307	782
309	780
309	779
310	778
310	776
311	775
311	773
312	772
312	771
314	769
315	769
316	768
331	768
332	769
334	769
335	770
336	770
337	771
339	771
340	772
344	772
345	771
344	770
343	770
341	768
340	768
338	766
337	766
336	765
335	766
324	766
323	765
322	765
321	764
321	763
320	762
320	752
325	747
338	747
341	750
342	750
344	752
346	752
347	753
348	752
365	752
367	750
367	749
368	748
367	747
367	744
366	743
366	742
365	741
365	740
364	739
364	738
363	737
363	725
365	723
366	723
367	722
371	722
372	721
376	721
378	719
378	718
379	717
379	699
382	696
395	696
396	697
397	697
403	691
404	691
405	690
405	689
407	687
407	686
409	684
409	683
413	679
414	679
415	678
416	678
417	677
418	677
419	676
420	676
421	675
422	675
426	671
427	671
432	666
433	666
435	664
436	664
438	662
439	662
440	661
441	661
447	655
447	654
450	651
450	650
452	648
453	648
455	646
456	646
460	642
460	640
461	639
461	635
462	634
462	632
463	631
463	626
464	625
464	621
465	620
465	618
466	617
466	616
467	615
467	614
469	612
469	611
471	609
471	608
474	605
474	604
477	601
477	600
478	599
478	598
479	597
479	596
480	595
480	594
481	593
481	592
482	591
482	590
484	588
484	587
485	586
485	585
487	583
487	581
488	580
488	570
489	569
489	568
494	563
495	563
496	562
498	562
499	561
502	561
503	560
506	560
507	559
507	555
509	553
509	552
510	551
511	551
512	550
513	550
514	549
516	549
517	548
532	548
533	549
535	549
536	550
537	550
538	551
539	551
540	552
542	552
543	553
554	553
559	558
559	559
562	562
562	563
563	564
564	564
565	565
569	565
570	566
574	566
575	567
576	567
577	568
578	568
579	569
580	568
581	568
583	566
584	566
587	563
588	563
589	562
591	562
592	561
595	561
596	560
598	560
599	559
601	559
602	558
616	558
617	559
619	559
620	560
624	560
625	559
637	559
642	554
642	553
643	552
643	551
644	550
644	548
645	547
645	546
647	544
647	543
650	540
650	539
651	538
649	536
648	536
646	534
645	534
643	532
642	532
639	529
639	528
638	527
638	526
637	525
637	522
636	521
636	519
632	515
631	515
630	514
629	514
628	513
627	513
626	512
625	512
621	508
621	500
620	499
620	496
619	495
619	493
618	492
618	480
623	475
623	474
625	472
625	471
626	470
626	469
629	466
630	466
632	464
633	464
637	460
637	458
638	457
638	454
639	453
639	452
640	451
640	450
646	444
647	444
649	442
650	442
653	439
654	439
655	438
666	438
667	439
668	439
669	438
685	438
686	437
688	437
689	436
691	436
692	435
693	435
694	434
695	434
701	428
701	427
703	425
703	424
704	423
704	422
705	421
705	416
704	415
704	413
703	412
703	410
702	409
702	408
701	407
701	406
700	405
700	404
699	403
699	402
695	398
694	398
692	396
691	396
690	395
689	395
688	394
687	394
686	393
685	393
684	392
681	392
680	391
676	391
675	390
673	390
672	389
671	389
669	387
669	386
668	385
668	369
669	368
669	366
670	365
670	350
671	349
671	341
672	340
672	337
673	336
673	335
674	334
674	332
675	331
675	329
676	328
676	324
677	323
677	322
680	319
681	319
684	316
684	315
683	314
683	303
684	302
683	301
683	299
682	298
682	297
681	296
681	288
680	287
680	286
679	285
678	285
677	284
677	283
676	282
676	281
675	280
675	278
674	277
674	275
673	274
673	273
671	271
670	271
669	270
665	270
664	269
662	269
661	268
660	268
658	266
658	265
656	263
656	261
655	260
655	258
654	257
654	254
653	253
653	246
652	245
652	240
650	238
650	237
644	231
644	230
643	229
643	228
642	227
642	226
641	225
641	224
640	223
640	221
639	220
639	219
638	218
638	215
637	214
637	212
636	211
636	208
635	207
635	197
636	196
647	196
648	197
650	197
651	198
654	198
655	199
655	198
654	197
654	195
653	194
653	192
652	191
652	187
651	186
651	185
645	179
644	179
638	173
638	172
637	171
637	183
636	184
636	187
634	189
623	189
616	182
616	181
612	177
612	176
609	173
609	172
607	170
607	169
606	168
606	167
605	166
605	165
600	160
599	160
597	158
596	158
594	156
593	156
587	150
587	149
584	146
584	135
585	134
586	134
587	133
592	133
591	132
591	131
588	128
588	127
587	126
587	114
588	113
589	113
590	112
592	112
593	111
594	111
598	107
598	106
599	105
599	104
600	103
600	101
601	100
601	98
600	97
600	96
599	95
599	94
597	92
596	92
594	90
593	90
592	89
591	89
590	90
588	90
587	91
585	91
584	92
583	92
581	94
580	94
579	95
578	95
576	97
576	108
574	110
573	110
572	111
570	111
569	112
568	112
566	114
566	122
565	123
554	123
551	120
550	120
548	118
547	118
544	115
543	115
541	113
540	113
538	111
537	111
536	110
535	110
533	108
532	108
531	107
530	107
529	106
528	106
527	105
525	105
524	104
523	104
522	103
520	103
519	102
518	102
517	101
516	101
515	100
514	100
512	98
511	98
510	97
508	97
507	96
502	96
501	95
499	95
498	94
497	94
495	92
495	84
493	82
492	82
491	81
489	81
488	80
484	80
483	79
481	79
480	78
479	78
478	77
476	77
475	76
471	76
470	75
466	75
465	74
459	74
456	71
456	70
454	68
453	68
452	67
451	67
450	66
449	66
448	65
446	65
445	64
439	64
438	63
426	63
425	62
417	62
416	61
398	61
397	60
393	60
392	59
390	59
389	58
387	58
386	59
385	59
384	60
383	60
382	61
372	61
371	62
369	62
369	63
370	63
371	64
396	64
397	65
399	65
400	66
406	66
407	67
431	67
432	68
434	68
435	69
436	69
437	70
438	70
439	71
439	82
437	84
436	84
435	85
434	85
433	86
430	86
429	87
423	87
422	88
418	88
417	89
403	89
402	90
398	90
397	91
390	91
389	92
386	92
385	93
383	93
382	94
379	94
378	95
376	95
375	96
373	96
372	97
371	97
370	98
368	98
367	99
365	99
364	100
363	100
362	101
359	101
358	102
356	102
355	103
353	103
352	104
351	104
350	105
349	105
348	106
345	106
344	107
342	107
341	108
339	108
338	109
337	109
335	111
334	111
333	112
332	112
330	114
329	114
328	115
326	115
325	116
324	116
323	117
322	117
321	118
319	118
318	119
317	119
316	120
314	120
313	121
311	121
310	122
308	122
307	123
306	123
305	124
303	124
302	125
301	125
300	126
299	126
298	127
292	127
291	128
289	128
288	129
287	129
286	130
285	130
278	137
278	138
276	140
276	141
275	142
275	143
274	144
274	146
273	147
273	152
272	153
272	155
261	166
261	167
259	169
259	170
257	172
257	173
255	175
255	176
253	178
253	179
252	180
252	181
251	182
251	183
249	185
249	186
247	188
247	189
246	190
246	191
244	193
244	195
243	196
243	197
242	198
242	199
241	200
241	202
240	203
240	204
239	205
239	206
237	208
237	209
231	215
231	216
230	217
230	218
229	219
229	220
228	221
228	222
227	223
227	224
226	225
226	226
225	227
225	228
222	231
222	232
220	234
220	235
219	236
219	237
218	238
218	239
217	240
217	241
216	242
216	245
215	246
215	249
214	250
214	251
212	253
212	254
209	257
209	258
206	261
205	261
204	262
203	262
202	263
201	263
199	265
198	265
195	268
194	268
192	270
191	270
185	276
185	277
184	278
183	278
181	280
180	280
177	283
177	284
176	285
176	287
173	290
172	290
171	291
160	291
159	290
159	291
158	292
158	303
154	307
153	307
152	308
151	308
150	309
149	309
148	310
147	310
146	311
145	311
144	312
143	312
142	313
141	313
140	314
139	314
137	316
136	316
132	320
131	320
123	328
123	329
108	344
108	345
102	351
101	351
98	354
97	354
88	363
87	363
86	364
85	364
83	366
82	366
82	367
80	369
80	371
79	372
79	375
78	376
78	377
77	378
77	379
73	383
72	383
71	384
68	384
66	386
66	387
65	388
65	391
64	392
64	408
63	409
63	410
62	411
62	412
60	414
60	415
58	417
58	418
56	420
56	421
55	422
55	424
54	425
54	435
53	436
53	438
52	439
52	441
51	442
51	444
50	445
50	446
48	448
48	449
46	451
35	451
33	449
33	448
30	445
30	444
29	443
29	435
28	434
28	432
27	431
25	431
21	435
21	436
22	437
22	440
23	441
23	443
24	444
24	446
25	447
25	448
26	449
26	450
27	451
27	452
28	453
28	455
29	456
29	458
30	459
30	461
31	462
31	491
32	492
32	496
33	497
33	499
34	500
34	508
35	509
35	522
36	523
36	524
37	525
37	527
38	528
38	529
39	530
39	532
40	533
40	536
41	537
41	540
42	541
42	544
43	545
43	548
44	549
44	552
45	553
45	555
46	556
46	559
47	560
47	562
48	563
48	566
49	567
49	570
50	571
50	574
51	575
51	585
52	586
52	588
54	590
54	591
55	592
55	593
56	594
56	595
63	602
63	603
64	604
64	605
65	606
65	607
66	608
66	610
67	611
67	612
68	613
68	614
69	615
69	616
70	617
70	619
71	620
71	631
70	632
71	633
71	635
73	637
73	638
81	646
82	646
83	647
86	647
87	648
89	648
97	656
97	657
99	659
99	660
100	661
100	662
103	665
103	666
107	670
108	670
110	672
110	673
113	676
113	677
115	679
115	680
117	682
117	683
118	683
120	685
121	685
126	690
126	691
127	692
127	693
128	694
128	697
129	698
129	700
133	704
134	704
135	705
136	705
137	706
139	706
140	707
142	707
142	706
141	705
141	704
140	703
140	702
138	700
138	699
136	697
136	696
134	694
134	693
133	692
133	690
131	688
131	687
130	686
130	684
129	683
129	682
128	681
128	679
127	678
127	677
126	676
126	675
114	663
114	662
111	659
111	658
109	656
109	655
108	654
108	652
107	651
107	649
106	648
106	647
105	646
105	644
103	642
103	641
102	640
102	639
100	637
100	635
99	634
99	633
98	632
98	629
97	628
97	627
95	625
95	624
92	621
92	620
91	619
91	618
90	617
90	616
89	615
89	603
90	602
100	602
106	608
106	609
110	613
110	614
111	615
111	617
112	618
112	619
115	622
115	623
120	628
120	629
124	633
124	634
125	635
126	635
132	641
133	641
135	643
135	644
141	650
141	652
143	654
143	655
144	656
144	657
145	658
145	668
148	671
149	671
150	672
151	672
153	674
153	675
154	676
154	680
155	681
155	683
158	686
159	686
160	687
163	687
166	684
166	683
167	682
179	682
180	683
182	683
183	684
184	684
185	685
186	685
188	687
188	697
187	698
186	698
187	699
187	700
188	701
188	702
189	703
189	704
190	705
190	723
187	726
186	726
185	727
185	728
186	728
188	730
189	730
191	732
192	732
196	736
196	737
199	740
200	740
203	743
204	743
206	745
207	745
208	746
209	746
210	747
211	747
212	748
221	748
222	747
233	747
234	748
236	748
237	749
238	749
241	752
241	763
242	763
243	764
244	764
245	765
246	765
247	766
248	766
249	767
250	767
251	768
267	768
272	773
272	774
274	776
275	776
276	777
281	777
282	778
285	778
286	779
288	779
289	780
291	780
292	781
293	781
294	782
296	782
297	783
299	783
300	784
302	784
303	783
305	783
306	782
307	782
309	780
309	779
310	778
310	776
311	775
311	773
312	772
312	771
314	769
315	769
316	768
331	768
332	769
334	769
335	770
336	770
337	771
339	771
340	772
344	772
345	771
344	770
343	770
341	768
340	768
338	766
337	766
336	765
335	766
324	766
323	765
322	765
321	764
321	763
320	762
320	752
325	747
338	747
341	750
342	750
344	752
346	752
347	753
348	752
365	752
367	750
367	749
368	748
367	747
367	744
366	743
366	742
365	741
365	740
364	739
364	738
363	737
363	725
365	723
366	723
367	722
371	722
372	721
376	721
378	719
378	718
379	717
379	699
382	696
395	696
396	697
397	697
403	691
404	691
405	690
405	689
407	687
407	686
409	684
409	683
413	679
414	679
415	678
416	678
417	677
418	677
419	676
420	676
421	675
422	675
426	671
427	671
432	666
433	666
435	664
436	664
438	662
439	662
440	661
441	661
447	655
447	654
450	651
450	650
452	648
453	648
455	646
456	646
460	642
460	640
461	639
461	635
462	634
462	632
463	631
463	626
464	625
464	621
465	620
465	618
466	617
466	616
467	615
467	614
469	612
469	611
471	609
471	608
474	605
474	604
477	601
477	600
478	599
478	598
479	597
479	596
480	595
480	594
481	593
481	592
482	591
482	590
484	588
484	587
485	586
485	585
487	583
487	581
488	580
488	570
489	569
489	568
494	563
495	563
496	562
498	562
499	561
502	561
503	560
506	560
507	559
507	555
509	553
509	552
510	551
511	551
512	550
513	550
514	549
516	549
517	548
532	548
533	549
535	549
536	550
537	550
538	551
539	551
540	552
542	552
543	553
554	553
559	558
559	559
562	562
562	563
563	564
564	564
565	565
569	565
570	566
574	566
575	567
576	567
577	568
578	568
579	569
580	568
581	568
583	566
584	566
587	563
588	563
589	562
591	562
592	561
595	561
596	560
598	560
599	559
601	559
602	558
616	558
617	559
619	559
620	560
624	560
625	559
637	559
642	554
642	553
643	552
643	551
644	550
644	548
645	547
645	546
647	544
647	543
650	540
650	539
651	538
649	536
648	536
646	534
645	534
643	532
642	532
639	529
639	528
638	527
638	526
637	525
637	522
636	521
636	519
632	515
631	515
630	514
629	514
628	513
627	513
626	512
625	512
621	508
621	500
620	499
620	496
619	495
619	493
618	492
618	480
623	475
623	474
625	472
625	471
626	470
626	469
629	466
630	466
632	464
633	464
637	460
637	458
638	457
638	454
639	453
639	452
640	451
640	450
646	444
647	444
649	442
650	442
653	439
654	439
655	438
666	438
667	439
668	439
669	438
685	438
686	437
688	437
689	436
691	436
692	435
693	435
694	434
695	434
701	428
701	427
703	425
703	424
704	423
704	422
705	421
705	416
704	415
704	413
703	412
703	410
702	409
702	408
701	407
701	406
700	405
700	404
699	403
699	402
695	398
694	398
692	396
691	396
690	395
689	395
688	394
687	394
686	393
685	393
684	392
681	392
680	391
676	391
675	390
673	390
672	389
671	389
669	387
669	386
668	385
668	369
669	368
669	366
670	365
670	350
671	349
671	341
672	340
672	337
673	336
673	335
674	334
674	332
675	331
675	329
676	328
676	324
677	323
677	322
680	319
681	319
684	316
684	315
683	314
683	303
684	302
683	301
683	299
682	298
682	297
681	296
681	288
680	287
680	286
679	285
678	285
677	284
677	283
676	282
676	281
675	280
675	278
674	277
674	275
673	274
673	273
671	271
670	271
669	270
665	270
664	269
662	269
661	268
660	268
658	266
658	265
656	263
656	261
655	260
655	258
654	257
654	254
653	253
653	246
652	245
652	240
650	238
650	237
644	231
644	230
643	229
643	228
642	227
642	226
641	225
641	224
640	223
640	221
639	220
639	219
638	218
638	215
637	214
637	212
636	211
636	208
635	207
635	197
636	196
647	196
648	197
650	197
651	198
654	198
655	199
655	198
654	197
654	195
653	194
653	192
652	191
652	187
651	186
651	185
645	179
644	179
638	173
638	172
637	171
637	183
636	184
636	187
634	189
623	189
616	182
616	181
612	177
612	176
609	173
609	172
607	170
607	169
606	168
606	167
605	166
605	165
600	160
599	160
597	158
596	158
594	156
593	156
587	150
587	149
584	146
584	135
585	134
586	134
587	133
592	133
591	132
591	131
588	128
588	127
587	126
587	114
588	113
589	113
590	112
592	112
593	111
594	111
598	107
598	106
599	105
599	104
600	103
600	101
601	100
601	98
600	97
600	96
599	95
599	94
597	92
596	92
594	90
593	90
592	89
591	89
590	90
588	90
587	91
585	91
584	92
583	92
581	94
580	94
579	95
578	95
576	97
576	108
574	110
573	110
572	111
570	111
569	112
568	112
566	114
566	122
565	123
554	123
551	120
550	120
548	118
547	118
544	115
543	115
541	113
540	113
538	111
537	111
536	110
535	110
533	108
532	108
531	107
530	107
529	106
528	106
527	105
525	105
524	104
523	104
522	103
520	103
519	102
518	102
517	101
516	101
515	100
514	100
512	98
511	98
510	97
508	97
507	96
502	96
501	95
499	95
498	94
497	94
495	92
495	84
493	82
492	82
491	81
489	81
488	80
484	80
483	79
481	79
480	78
479	78
478	77
476	77
475	76
471	76
470	75
466	75
465	74
459	74
456	71
456	70
454	68
453	68
452	67
451	67
450	66
449	66
448	65
446	65
445	64
439	64
438	63
426	63
425	62
417	62
416	61
398	61
397	60
393	60
392	59
390	59
389	58
