337	49
336	50
334	50
333	51
328	51
327	52
321	52
320	53
317	53
316	54
314	54
313	55
311	55
310	56
309	56
307	58
306	58
304	60
302	60
301	61
298	61
297	62
293	62
292	63
291	63
290	64
289	64
288	65
286	65
285	66
284	66
283	67
280	67
279	68
277	68
276	69
274	69
273	70
272	70
271	71
270	71
269	72
266	72
265	73
262	73
261	74
259	74
258	75
257	75
256	76
255	76
253	78
252	78
251	79
250	79
249	80
248	80
247	81
244	81
243	82
242	82
241	83
240	83
239	84
238	84
236	86
235	86
233	88
232	88
229	91
228	91
224	95
223	95
222	96
231	96
232	97
232	107
231	108
231	109
229	111
228	111
222	117
221	117
215	123
214	123
214	124
193	145
192	145
187	150
187	151
184	154
184	155
181	158
181	159
180	160
180	161
179	162
179	163
178	164
178	167
177	168
177	170
176	171
176	172
175	173
175	174
170	179
170	180
168	182
168	183
167	184
167	186
166	187
166	189
165	190
165	192
164	193
164	195
163	196
163	198
162	199
162	200
161	201
161	202
160	203
160	205
159	206
159	207
158	208
158	209
157	210
157	212
156	213
156	216
155	217
155	221
154	222
154	225
153	226
153	229
152	230
152	233
151	234
151	236
150	237
150	255
149	256
149	257
147	259
147	260
145	262
145	264
146	265
146	266
147	267
147	268
148	269
148	284
147	285
147	291
148	292
148	296
149	297
149	300
150	301
150	304
151	305
151	309
152	310
152	314
153	315
153	319
154	320
154	332
151	335
151	336
148	339
134	339
132	337
132	336
130	334
130	333
129	332
129	331
128	330
128	329
127	328
127	327
124	324
124	323
123	323
121	321
120	321
119	320
118	320
117	319
95	319
94	320
91	320
90	321
86	321
85	322
84	322
83	323
82	323
81	324
80	324
70	334
70	335
69	336
69	337
68	338
68	344
67	345
67	348
66	349
66	350
65	351
65	356
66	357
66	359
67	360
67	361
68	362
68	363
69	364
69	365
75	371
75	373
76	374
76	379
77	380
77	383
78	384
78	386
79	387
79	389
80	390
80	392
81	393
81	394
82	395
82	408
81	409
81	410
80	411
80	413
79	414
79	415
78	416
78	429
75	432
75	433
73	435
73	436
72	437
72	438
69	441
68	441
67	442
66	442
65	443
53	443
52	442
52	437
51	436
51	432
50	431
50	429
49	428
49	427
48	426
48	424
45	421
44	421
43	420
40	420
38	418
37	419
37	420
36	421
36	423
35	424
35	425
33	427
33	428
32	429
32	430
31	431
31	433
30	434
30	437
29	438
29	444
28	445
28	458
29	459
29	464
30	465
30	467
31	468
31	470
32	471
32	472
33	473
33	475
34	476
34	477
35	478
35	480
35	479
36	478
49	478
50	477
64	477
65	478
68	478
69	479
81	479
83	481
83	482
84	483
84	484
85	485
85	486
87	488
87	489
88	490
88	504
87	505
87	506
86	507
86	508
85	509
85	511
86	512
86	540
85	541
85	545
86	546
86	550
87	551
87	566
86	567
86	578
87	579
87	582
88	583
88	592
89	593
89	594
90	595
90	597
91	598
91	604
92	605
92	609
93	610
93	611
94	612
94	614
95	615
95	616
96	617
96	619
97	620
97	622
98	623
98	624
99	625
99	627
100	628
100	640
101	641
101	643
102	644
102	646
103	647
103	649
104	650
104	652
106	654
106	655
113	662
113	663
115	665
115	666
116	667
116	668
117	669
117	670
118	671
118	673
119	674
119	675
120	676
120	677
121	678
121	680
122	681
122	682
123	683
123	684
129	690
129	691
130	692
130	693
131	694
131	696
132	697
132	698
133	699
133	701
135	703
135	704
142	711
142	712
152	722
153	722
156	725
157	725
164	732
164	733
169	738
170	738
171	739
172	739
174	741
175	741
176	742
176	743
178	745
178	746
179	747
179	748
180	749
180	750
183	753
185	753
186	754
187	754
188	755
189	755
190	756
191	756
192	757
193	757
194	758
195	758
196	759
197	759
198	760
200	760
201	761
202	761
203	762
204	762
205	763
206	763
207	764
209	764
210	765
212	765
213	766
215	766
216	767
218	767
219	768
220	768
221	769
222	769
223	770
224	770
225	771
226	771
227	772
228	772
229	773
231	773
232	774
234	774
235	775
237	775
238	776
240	776
241	777
242	777
243	778
244	778
246	780
247	780
249	782
250	782
251	783
252	783
255	786
255	789
256	790
256	794
273	794
274	793
274	792
275	791
285	791
286	792
288	792
289	793
291	793
292	794
441	794
441	787
442	786
445	786
446	785
448	785
449	784
451	784
450	783
442	783
441	782
441	772
442	771
442	768
443	767
450	767
451	766
455	766
455	755
458	752
459	752
461	750
462	750
465	747
466	747
468	745
469	745
470	744
472	744
473	743
478	743
481	740
481	739
486	734
486	733
492	727
493	727
494	726
495	726
496	725
497	725
498	724
499	724
500	723
500	722
501	721
501	720
507	714
510	714
511	713
514	713
515	712
517	712
518	711
521	711
522	710
523	710
524	709
525	709
525	708
526	707
526	706
527	705
527	703
528	702
528	699
527	698
527	697
526	696
526	684
527	683
527	681
529	679
529	678
532	675
533	675
535	673
536	673
537	672
548	672
549	673
550	673
552	675
553	674
553	671
552	670
552	668
549	665
548	665
547	664
547	650
548	649
548	645
549	644
549	642
550	641
550	640
552	638
552	637
553	636
553	635
554	634
554	629
555	628
555	624
556	623
556	621
557	620
557	619
558	618
558	616
559	615
559	614
560	613
560	610
561	609
561	602
562	601
562	598
563	597
563	595
564	594
564	593
566	591
566	590
567	589
567	588
568	587
568	586
569	585
569	581
568	580
568	561
567	560
567	558
566	557
566	536
565	535
565	517
564	516
564	512
563	511
563	506
562	505
562	497
561	496
561	491
560	490
560	488
559	487
559	484
558	483
558	471
565	464
566	464
576	454
576	453
578	451
578	450
580	448
581	448
582	447
586	447
588	445
588	443
589	442
589	439
590	438
590	433
587	430
587	413
588	412
588	407
589	406
589	403
590	402
589	401
589	389
590	388
590	377
591	376
591	368
592	367
592	365
593	364
593	363
594	362
594	360
595	359
595	358
596	357
596	356
597	355
597	354
598	353
598	352
599	351
599	349
600	348
600	347
601	346
601	344
602	343
602	341
603	340
603	338
604	337
604	333
605	332
605	295
604	294
604	290
603	289
603	271
604	270
604	268
605	267
605	266
608	263
609	263
609	262
610	261
610	260
604	254
604	253
603	252
603	251
602	250
602	248
601	247
601	238
600	237
600	233
598	231
598	230
595	227
595	226
594	225
594	224
593	223
593	221
592	220
592	215
591	214
591	207
590	206
590	204
589	203
589	202
588	201
588	198
587	197
587	195
586	194
586	193
585	192
585	191
584	190
584	189
583	188
583	187
581	185
581	184
578	181
578	180
576	178
576	177
574	175
574	174
573	173
573	172
572	171
572	170
571	169
571	168
570	167
570	166
569	165
569	164
568	163
568	162
567	161
567	160
566	159
566	158
564	156
564	155
563	154
563	153
562	152
562	151
560	149
560	148
559	147
559	146
555	142
555	131
556	130
566	130
567	131
568	131
570	133
571	133
572	134
572	132
571	131
571	130
561	120
560	120
558	118
557	118
555	116
554	116
552	114
551	114
549	112
548	112
546	110
545	110
543	108
542	108
537	103
536	103
533	100
532	100
530	98
529	98
528	97
527	97
526	96
525	96
524	95
523	95
522	94
521	94
520	93
519	93
518	92
517	92
513	88
512	88
509	85
508	85
506	83
505	83
503	81
502	81
501	80
500	80
498	78
497	78
495	76
494	76
492	74
491	74
490	73
489	73
488	72
486	72
485	71
484	71
483	70
482	70
481	69
480	69
479	68
478	68
477	67
476	67
475	66
473	66
472	65
470	65
469	64
466	64
465	63
460	63
459	62
453	62
452	61
449	61
448	60
445	60
444	59
441	59
440	58
437	58
436	57
433	57
432	56
431	57
430	57
429	58
429	61
427	63
416	63
414	61
414	57
413	57
412	56
411	56
410	55
409	55
408	54
407	54
405	52
403	52
402	51
399	51
398	50
370	50
369	49
337	49
336	50
334	50
333	51
328	51
327	52
321	52
320	53
317	53
316	54
314	54
313	55
311	55
310	56
309	56
307	58
306	58
304	60
302	60
301	61
298	61
297	62
293	62
292	63
291	63
290	64
289	64
288	65
286	65
285	66
284	66
283	67
280	67
279	68
277	68
276	69
274	69
273	70
272	70
271	71
270	71
269	72
266	72
265	73
262	73
261	74
259	74
258	75
257	75
256	76
255	76
253	78
252	78
251	79
250	79
249	80
248	80
247	81
244	81
243	82
242	82
241	83
240	83
239	84
238	84
236	86
235	86
233	88
232	88
229	91
228	91
224	95
223	95
222	96
231	96
232	97
232	107
231	108
231	109
229	111
228	111
222	117
221	117
215	123
214	123
214	124
193	145
192	145
187	150
187	151
184	154
184	155
181	158
181	159
180	160
180	161
179	162
179	163
178	164
178	167
177	168
177	170
176	171
176	172
175	173
175	174
170	179
170	180
168	182
168	183
167	184
167	186
166	187
166	189
165	190
165	192
164	193
164	195
163	196
163	198
162	199
162	200
161	201
161	202
160	203
160	205
159	206
159	207
158	208
158	209
157	210
157	212
156	213
156	216
155	217
155	221
154	222
154	225
153	226
153	229
152	230
152	233
151	234
151	236
150	237
150	255
149	256
149	257
147	259
147	260
145	262
145	264
146	265
146	266
147	267
147	268
148	269
148	284
147	285
147	291
148	292
148	296
149	297
149	300
150	301
150	304
151	305
151	309
152	310
152	314
153	315
153	319
154	320
154	332
151	335
151	336
148	339
134	339
132	337
132	336
130	334
130	333
129	332
129	331
128	330
128	329
127	328
127	327
124	324
124	323
123	323
121	321
120	321
119	320
118	320
117	319
95	319
94	320
91	320
90	321
86	321
85	322
84	322
83	323
82	323
81	324
80	324
70	334
70	335
69	336
69	337
68	338
68	344
67	345
67	348
66	349
66	350
65	351
65	356
66	357
66	359
67	360
67	361
68	362
68	363
69	364
69	365
75	371
75	373
76	374
76	379
77	380
77	383
78	384
78	386
79	387
79	389
80	390
80	392
81	393
81	394
82	395
82	408
81	409
81	410
80	411
80	413
79	414
79	415
78	416
78	429
75	432
75	433
73	435
73	436
72	437
72	438
69	441
68	441
67	442
66	442
65	443
53	443
52	442
52	437
51	436
51	432
50	431
50	429
49	428
49	427
48	426
48	424
45	421
44	421
43	420
40	420
38	418
37	419
37	420
36	421
36	423
35	424
35	425
33	427
33	428
32	429
32	430
31	431
31	433
30	434
30	437
29	438
29	444
28	445
28	458
29	459
29	464
30	465
30	467
31	468
31	470
32	471
32	472
33	473
33	475
34	476
34	477
35	478
35	480
35	479
36	478
49	478
50	477
64	477
65	478
68	478
69	479
81	479
83	481
83	482
84	483
84	484
85	485
85	486
87	488
87	489
88	490
88	504
87	505
87	506
86	507
86	508
85	509
85	511
86	512
86	540
85	541
85	545
86	546
86	550
87	551
87	566
86	567
86	578
87	579
87	582
88	583
88	592
89	593
89	594
90	595
90	597
91	598
91	604
92	605
92	609
93	610
93	611
94	612
94	614
95	615
95	616
96	617
96	619
97	620
97	622
98	623
98	624
99	625
99	627
100	628
100	640
101	641
101	643
102	644
102	646
103	647
103	649
104	650
104	652
106	654
106	655
113	662
113	663
115	665
115	666
116	667
116	668
117	669
117	670
118	671
118	673
119	674
119	675
120	676
120	677
121	678
121	680
122	681
122	682
123	683
123	684
129	690
129	691
130	692
130	693
131	694
131	696
132	697
132	698
133	699
133	701
135	703
135	704
142	711
142	712
152	722
153	722
156	725
157	725
164	732
164	733
169	738
170	738
171	739
172	739
174	741
175	741
176	742
176	743
178	745
178	746
179	747
179	748
180	749
180	750
183	753
185	753
186	754
187	754
188	755
189	755
190	756
191	756
192	757
193	757
194	758
195	758
196	759
197	759
198	760
200	760
201	761
202	761
203	762
204	762
205	763
206	763
207	764
209	764
210	765
212	765
213	766
215	766
216	767
218	767
219	768
220	768
221	769
222	769
223	770
224	770
225	771
226	771
227	772
228	772
229	773
231	773
232	774
234	774
235	775
237	775
238	776
240	776
241	777
242	777
243	778
244	778
246	780
247	780
249	782
250	782
251	783
252	783
255	786
255	789
256	790
256	794
273	794
274	793
274	792
275	791
285	791
286	792
288	792
289	793
291	793
292	794
441	794
441	787
442	786
445	786
446	785
448	785
449	784
451	784
450	783
442	783
441	782
441	772
442	771
442	768
443	767
450	767
451	766
455	766
455	755
458	752
459	752
461	750
462	750
465	747
466	747
468	745
469	745
470	744
472	744
473	743
478	743
481	740
481	739
486	734
486	733
492	727
493	727
494	726
495	726
496	725
497	725
498	724
499	724
500	723
500	722
501	721
501	720
507	714
510	714
511	713
514	713
515	712
517	712
518	711
521	711
522	710
523	710
524	709
525	709
525	708
526	707
526	706
527	705
527	703
528	702
528	699
527	698
527	697
526	696
526	684
527	683
527	681
529	679
529	678
532	675
533	675
535	673
536	673
537	672
548	672
549	673
550	673
552	675
553	674
553	671
552	670
552	668
549	665
548	665
547	664
547	650
548	649
548	645
549	644
549	642
550	641
550	640
552	638
552	637
553	636
553	635
554	634
554	629
555	628
555	624
556	623
556	621
557	620
557	619
558	618
558	616
559	615
559	614
560	613
560	610
561	609
561	602
562	601
562	598
563	597
563	595
564	594
564	593
566	591
566	590
567	589
567	588
568	587
568	586
569	585
569	581
568	580
568	561
567	560
567	558
566	557
566	536
565	535
565	517
564	516
564	512
563	511
563	506
562	505
562	497
561	496
561	491
560	490
560	488
559	487
559	484
558	483
558	471
565	464
566	464
576	454
576	453
578	451
578	450
580	448
581	448
582	447
586	447
588	445
588	443
589	442
589	439
590	438
590	433
587	430
587	413
588	412
588	407
589	406
589	403
590	402
589	401
589	389
590	388
590	377
591	376
591	368
592	367
592	365
593	364
593	363
594	362
594	360
595	359
595	358
596	357
596	356
597	355
597	354
598	353
598	352
599	351
599	349
600	348
600	347
601	346
601	344
602	343
602	341
603	340
603	338
604	337
604	333
605	332
605	295
604	294
604	290
603	289
603	271
604	270
604	268
605	267
605	266
608	263
609	263
609	262
610	261
610	260
604	254
604	253
603	252
603	251
602	250
602	248
601	247
601	238
600	237
600	233
598	231
598	230
595	227
595	226
594	225
594	224
593	223
593	221
592	220
592	215
591	214
591	207
590	206
590	204
589	203
589	202
588	201
588	198
587	197
587	195
586	194
586	193
585	192
585	191
584	190
584	189
583	188
583	187
581	185
581	184
578	181
578	180
576	178
576	177
574	175
574	174
573	173
573	172
572	171
572	170
571	169
571	168
570	167
570	166
569	165
569	164
568	163
568	162
567	161
567	160
566	159
566	158
564	156
564	155
563	154
563	153
562	152
562	151
560	149
560	148
559	147
559	146
555	142
555	131
556	130
566	130
567	131
568	131
570	133
571	133
572	134
572	132
571	131
571	130
561	120
560	120
558	118
557	118
555	116
554	116
552	114
551	114
549	112
548	112
546	110
545	110
543	108
542	108
537	103
536	103
533	100
532	100
530	98
529	98
528	97
527	97
526	96
525	96
524	95
523	95
522	94
521	94
520	93
519	93
518	92
517	92
513	88
512	88
509	85
508	85
506	83
505	83
503	81
502	81
501	80
500	80
498	78
497	78
495	76
494	76
492	74
491	74
490	73
489	73
488	72
486	72
485	71
484	71
483	70
482	70
481	69
480	69
479	68
478	68
477	67
476	67
475	66
473	66
472	65
470	65
469	64
466	64
465	63
460	63
459	62
453	62
452	61
449	61
448	60
445	60
444	59
441	59
440	58
437	58
436	57
433	57
432	56
431	57
430	57
429	58
429	61
427	63
416	63
414	61
414	57
413	57
412	56
411	56
410	55
409	55
408	54
407	54
405	52
403	52
402	51
399	51
398	50
370	50
369	49
