254	42
253	43
252	43
251	44
250	44
249	45
248	45
247	46
246	46
245	47
243	47
242	48
241	48
240	49
239	49
238	50
237	50
235	52
234	52
233	53
232	53
231	54
230	54
229	55
228	55
227	56
226	56
225	57
223	57
222	58
219	58
218	59
217	59
216	60
215	60
205	70
204	70
203	71
202	71
201	72
200	72
199	73
196	73
195	74
193	74
192	75
191	75
190	76
189	76
187	78
186	78
183	81
182	81
179	84
178	84
172	90
171	90
169	92
168	92
167	93
166	93
164	95
163	95
162	96
161	96
160	97
159	97
158	98
157	98
156	99
154	99
153	100
152	100
151	101
150	101
148	103
147	103
145	105
144	105
143	106
130	106
128	104
127	104
126	103
125	103
126	104
126	105
131	110
131	124
130	125
130	126
129	127
129	128
123	134
123	135
122	136
122	137
120	139
120	140
119	141
119	142
117	144
117	145
115	147
115	148
114	149
114	150
113	151
113	152
112	153
112	155
111	156
111	157
109	159
109	160
102	167
102	168
101	169
101	170
100	171
100	173
99	174
99	178
99	177
101	175
112	175
113	176
113	188
112	189
112	192
111	193
111	196
110	197
110	199
109	200
109	202
108	203
108	204
107	205
107	206
106	207
106	208
105	209
105	210
104	211
104	212
103	213
103	214
102	215
102	216
101	217
101	218
100	219
100	220
99	221
99	222
98	223
98	225
97	226
97	227
96	228
96	230
95	231
95	232
94	233
94	235
93	236
93	237
92	238
92	240
91	241
91	243
90	244
90	247
89	248
89	250
88	251
88	254
87	255
87	260
86	261
86	269
85	270
85	291
84	292
84	298
83	299
83	304
82	305
82	314
81	315
81	322
82	323
82	324
83	325
83	326
84	327
84	328
86	330
86	331
90	335
90	336
94	340
94	341
96	343
96	344
98	346
98	347
99	347
103	351
103	352
104	353
104	355
105	356
105	368
111	374
111	375
112	376
112	377
114	379
114	380
115	381
115	387
116	388
116	390
117	391
117	392
119	394
119	395
120	395
131	406
131	407
133	409
133	410
134	411
134	413
135	414
135	419
136	420
136	422
138	424
138	425
140	427
140	429
141	430
141	445
140	446
140	447
139	448
139	449
138	450
138	453
139	454
141	454
142	455
142	456
145	459
146	458
147	458
150	455
150	448
151	447
161	447
162	448
164	448
165	449
167	449
168	450
169	450
170	451
171	451
173	453
173	464
172	465
171	465
170	466
169	466
168	467
167	467
163	471
163	472
162	473
162	474
161	475
161	476
156	481
155	481
153	483
141	483
136	478
135	478
134	477
133	477
132	476
131	476
130	475
129	475
129	476
130	477
130	482
131	483
131	489
132	490
132	494
133	495
133	498
134	499
134	501
135	502
135	503
136	504
136	505
141	510
143	510
144	509
157	509
158	510
159	510
165	516
166	516
167	517
169	517
170	518
172	518
173	519
177	519
178	520
180	520
183	523
183	535
182	536
182	537
179	540
178	540
177	541
176	541
175	542
163	542
162	541
161	541
160	540
158	540
157	539
152	539
159	546
160	546
161	547
162	547
163	548
174	548
175	549
189	549
190	550
191	550
192	551
193	551
195	553
195	554
196	555
196	558
197	559
197	565
198	566
198	572
199	573
199	575
200	576
200	579
201	580
201	582
202	583
202	584
203	585
203	587
204	588
204	590
205	591
205	592
206	593
206	596
207	597
207	598
208	599
208	601
209	602
209	603
210	604
210	606
211	607
211	608
212	609
212	610
213	611
213	612
214	613
214	614
215	615
215	616
216	617
216	618
217	619
217	621
218	622
218	624
219	625
219	627
220	628
220	629
221	630
221	631
222	632
222	633
223	634
223	635
224	636
224	637
225	638
225	639
226	640
226	641
227	642
227	643
228	644
228	645
230	647
230	648
233	651
233	652
236	655
236	656
238	658
238	659
239	660
239	661
241	663
241	664
242	665
242	666
245	669
245	670
247	672
247	673
249	675
249	676
251	678
251	679
252	680
252	681
258	687
258	688
266	696
266	697
268	699
268	700
269	701
269	702
270	703
270	705
271	706
271	708
272	709
272	711
275	714
276	714
277	715
281	715
282	716
283	716
286	719
287	719
292	724
293	724
294	725
295	725
296	726
299	726
300	727
302	727
303	728
304	728
305	729
307	729
308	730
309	730
310	731
312	731
315	734
315	745
312	748
316	752
317	752
318	753
319	753
320	754
327	754
330	757
330	758
331	759
331	764
331	762
332	761
332	760
334	758
335	758
338	755
339	755
341	753
342	753
344	751
345	751
346	750
347	750
348	749
374	749
375	750
377	750
378	751
379	751
380	752
381	752
387	758
387	759
388	760
388	761
389	762
389	763
390	764
390	765
392	767
395	767
396	768
397	768
399	770
399	781
400	781
402	783
403	783
405	785
406	785
407	786
408	786
410	788
411	788
412	789
413	789
414	790
415	790
416	791
420	791
421	792
425	792
426	793
428	793
429	794
442	794
443	793
446	793
447	792
451	792
452	791
466	791
467	790
471	790
472	789
474	789
475	788
476	788
477	787
479	787
480	786
481	786
482	785
484	785
485	784
489	784
490	783
495	783
496	782
498	782
499	781
511	781
512	780
513	780
515	778
515	777
523	769
524	769
525	768
526	768
528	766
529	766
531	764
532	764
534	762
535	762
536	761
537	761
538	760
540	760
541	759
542	759
543	758
544	758
545	757
546	757
547	756
548	756
551	753
551	752
552	751
552	750
553	749
553	746
555	744
556	744
557	743
559	743
560	742
561	742
562	741
563	741
565	739
566	739
568	737
569	737
571	735
572	735
576	731
577	731
577	730
581	726
581	725
583	723
583	722
585	720
585	719
586	718
586	717
587	716
587	713
588	712
588	710
594	704
595	704
600	699
600	698
602	696
602	695
604	693
604	692
609	687
610	687
611	686
612	686
613	685
614	685
616	683
617	683
619	681
619	680
621	678
621	677
623	675
623	674
624	673
624	672
625	671
625	669
626	668
626	666
627	665
627	662
628	661
628	659
629	658
629	657
631	655
631	654
632	653
632	652
634	650
634	649
635	648
635	647
646	636
646	635
648	633
648	632
649	631
649	630
650	629
650	628
652	626
652	625
653	624
653	622
654	621
654	619
655	618
655	614
656	613
656	611
657	610
657	609
658	608
658	607
659	606
659	605
660	604
660	602
661	601
661	600
667	594
667	593
668	592
668	591
669	590
669	584
670	583
670	578
671	577
670	576
670	562
671	561
671	541
672	540
672	536
673	535
673	533
674	532
674	529
675	528
674	527
674	526
671	523
671	522
670	521
670	511
671	510
671	506
672	505
672	499
673	498
673	496
672	495
672	481
671	480
671	476
670	475
670	451
669	450
669	449
668	448
668	447
667	446
667	445
666	444
666	442
665	441
665	440
664	439
664	435
663	434
663	429
662	428
662	425
661	424
661	423
660	422
660	421
659	420
659	419
658	418
658	417
657	416
657	415
656	414
656	413
655	412
655	411
654	410
654	409
653	408
653	407
652	406
652	405
651	404
651	403
650	402
650	401
649	400
649	399
648	398
648	397
647	396
647	395
646	394
646	393
644	391
644	390
643	389
643	388
642	387
642	386
641	385
641	384
639	382
639	381
637	379
637	378
634	375
634	374
631	371
631	370
628	367
628	366
624	362
624	361
620	357
619	357
612	350
612	349
611	348
611	347
610	346
610	332
609	331
609	330
608	329
608	328
607	327
607	326
606	325
606	324
605	323
605	322
603	320
603	319
597	313
597	312
595	310
595	309
594	308
594	307
593	306
593	304
590	301
589	301
588	300
586	300
582	296
582	284
588	278
588	277
589	276
589	274
590	273
590	271
591	270
591	269
592	268
592	266
593	265
593	264
594	263
594	262
595	261
595	260
596	259
596	258
597	257
597	256
598	255
598	252
597	251
597	248
596	247
596	246
595	245
595	244
588	237
587	237
586	236
585	236
584	235
583	235
582	234
580	234
579	233
577	233
576	232
574	232
573	231
571	231
570	230
565	230
564	229
554	229
553	228
550	228
549	227
544	227
543	226
537	226
533	222
533	221
532	220
532	218
531	217
531	215
530	214
530	211
529	210
529	197
528	196
528	194
526	192
526	191
523	188
523	187
522	186
522	185
521	184
521	183
520	182
520	180
519	179
519	177
518	176
518	174
517	173
517	172
516	171
516	170
515	169
515	168
514	167
514	166
513	165
513	164
512	163
512	162
511	161
511	160
510	159
510	158
509	157
509	155
508	154
508	153
506	151
506	150
504	148
504	147
502	145
502	144
500	142
500	141
498	139
498	138
488	128
488	127
479	118
479	117
477	115
477	114
474	111
474	110
471	107
470	107
463	100
463	99
457	93
456	93
453	90
452	90
448	86
447	86
443	82
442	82
441	81
440	81
438	79
437	79
435	77
434	77
430	73
429	73
428	72
427	72
426	71
425	71
424	70
422	70
421	69
419	69
418	68
417	68
416	67
415	67
414	66
412	66
411	65
410	65
409	64
407	64
405	62
404	62
402	60
401	60
400	59
399	59
398	58
397	58
396	57
395	57
394	56
392	56
391	55
389	55
388	54
385	54
384	53
379	53
378	52
373	52
372	51
369	51
368	50
365	50
364	49
361	49
360	48
355	48
354	47
351	47
350	46
348	46
347	45
345	45
344	44
342	44
341	43
334	43
333	42
332	42
331	43
324	43
323	44
321	44
320	45
318	45
317	46
310	46
309	47
301	47
300	48
290	48
289	49
283	49
282	50
264	50
263	49
262	49
255	42
254	42
253	43
252	43
251	44
250	44
249	45
248	45
247	46
246	46
245	47
243	47
242	48
241	48
240	49
239	49
238	50
237	50
235	52
234	52
233	53
232	53
231	54
230	54
229	55
228	55
227	56
226	56
225	57
223	57
222	58
219	58
218	59
217	59
216	60
215	60
205	70
204	70
203	71
202	71
201	72
200	72
199	73
196	73
195	74
193	74
192	75
191	75
190	76
189	76
187	78
186	78
183	81
182	81
179	84
178	84
172	90
171	90
169	92
168	92
167	93
166	93
164	95
163	95
162	96
161	96
160	97
159	97
158	98
157	98
156	99
154	99
153	100
152	100
151	101
150	101
148	103
147	103
145	105
144	105
143	106
130	106
128	104
127	104
126	103
125	103
126	104
126	105
131	110
131	124
130	125
130	126
129	127
129	128
123	134
123	135
122	136
122	137
120	139
120	140
119	141
119	142
117	144
117	145
115	147
115	148
114	149
114	150
113	151
113	152
112	153
112	155
111	156
111	157
109	159
109	160
102	167
102	168
101	169
101	170
100	171
100	173
99	174
99	178
99	177
101	175
112	175
113	176
113	188
112	189
112	192
111	193
111	196
110	197
110	199
109	200
109	202
108	203
108	204
107	205
107	206
106	207
106	208
105	209
105	210
104	211
104	212
103	213
103	214
102	215
102	216
101	217
101	218
100	219
100	220
99	221
99	222
98	223
98	225
97	226
97	227
96	228
96	230
95	231
95	232
94	233
94	235
93	236
93	237
92	238
92	240
91	241
91	243
90	244
90	247
89	248
89	250
88	251
88	254
87	255
87	260
86	261
86	269
85	270
85	291
84	292
84	298
83	299
83	304
82	305
82	314
81	315
81	322
82	323
82	324
83	325
83	326
84	327
84	328
86	330
86	331
90	335
90	336
94	340
94	341
96	343
96	344
98	346
98	347
99	347
103	351
103	352
104	353
104	355
105	356
105	368
111	374
111	375
112	376
112	377
114	379
114	380
115	381
115	387
116	388
116	390
117	391
117	392
119	394
119	395
120	395
131	406
131	407
133	409
133	410
134	411
134	413
135	414
135	419
136	420
136	422
138	424
138	425
140	427
140	429
141	430
141	445
140	446
140	447
139	448
139	449
138	450
138	453
139	454
141	454
142	455
142	456
145	459
146	458
147	458
150	455
150	448
151	447
161	447
162	448
164	448
165	449
167	449
168	450
169	450
170	451
171	451
173	453
173	464
172	465
171	465
170	466
169	466
168	467
167	467
163	471
163	472
162	473
162	474
161	475
161	476
156	481
155	481
153	483
141	483
136	478
135	478
134	477
133	477
132	476
131	476
130	475
129	475
129	476
130	477
130	482
131	483
131	489
132	490
132	494
133	495
133	498
134	499
134	501
135	502
135	503
136	504
136	505
141	510
143	510
144	509
157	509
158	510
159	510
165	516
166	516
167	517
169	517
170	518
172	518
173	519
177	519
178	520
180	520
183	523
183	535
182	536
182	537
179	540
178	540
177	541
176	541
175	542
163	542
162	541
161	541
160	540
158	540
157	539
152	539
159	546
160	546
161	547
162	547
163	548
174	548
175	549
189	549
190	550
191	550
192	551
193	551
195	553
195	554
196	555
196	558
197	559
197	565
198	566
198	572
199	573
199	575
200	576
200	579
201	580
201	582
202	583
202	584
203	585
203	587
204	588
204	590
205	591
205	592
206	593
206	596
207	597
207	598
208	599
208	601
209	602
209	603
210	604
210	606
211	607
211	608
212	609
212	610
213	611
213	612
214	613
214	614
215	615
215	616
216	617
216	618
217	619
217	621
218	622
218	624
219	625
219	627
220	628
220	629
221	630
221	631
222	632
222	633
223	634
223	635
224	636
224	637
225	638
225	639
226	640
226	641
227	642
227	643
228	644
228	645
230	647
230	648
233	651
233	652
236	655
236	656
238	658
238	659
239	660
239	661
241	663
241	664
242	665
242	666
245	669
245	670
247	672
247	673
249	675
249	676
251	678
251	679
252	680
252	681
258	687
258	688
266	696
266	697
268	699
268	700
269	701
269	702
270	703
270	705
271	706
271	708
272	709
272	711
275	714
276	714
277	715
281	715
282	716
283	716
286	719
287	719
292	724
293	724
294	725
295	725
296	726
299	726
300	727
302	727
303	728
304	728
305	729
307	729
308	730
309	730
310	731
312	731
315	734
315	745
312	748
316	752
317	752
318	753
319	753
320	754
327	754
330	757
330	758
331	759
331	764
331	762
332	761
332	760
334	758
335	758
338	755
339	755
341	753
342	753
344	751
345	751
346	750
347	750
348	749
374	749
375	750
377	750
378	751
379	751
380	752
381	752
387	758
387	759
388	760
388	761
389	762
389	763
390	764
390	765
392	767
395	767
396	768
397	768
399	770
399	781
400	781
402	783
403	783
405	785
406	785
407	786
408	786
410	788
411	788
412	789
413	789
414	790
415	790
416	791
420	791
421	792
425	792
426	793
428	793
429	794
442	794
443	793
446	793
447	792
451	792
452	791
466	791
467	790
471	790
472	789
474	789
475	788
476	788
477	787
479	787
480	786
481	786
482	785
484	785
485	784
489	784
490	783
495	783
496	782
498	782
499	781
511	781
512	780
513	780
515	778
515	777
523	769
524	769
525	768
526	768
528	766
529	766
531	764
532	764
534	762
535	762
536	761
537	761
538	760
540	760
541	759
542	759
543	758
544	758
545	757
546	757
547	756
548	756
551	753
551	752
552	751
552	750
553	749
553	746
555	744
556	744
557	743
559	743
560	742
561	742
562	741
563	741
565	739
566	739
568	737
569	737
571	735
572	735
576	731
577	731
577	730
581	726
581	725
583	723
583	722
585	720
585	719
586	718
586	717
587	716
587	713
588	712
588	710
594	704
595	704
600	699
600	698
602	696
602	695
604	693
604	692
609	687
610	687
611	686
612	686
613	685
614	685
616	683
617	683
619	681
619	680
621	678
621	677
623	675
623	674
624	673
624	672
625	671
625	669
626	668
626	666
627	665
627	662
628	661
628	659
629	658
629	657
631	655
631	654
632	653
632	652
634	650
634	649
635	648
635	647
646	636
646	635
648	633
648	632
649	631
649	630
650	629
650	628
652	626
652	625
653	624
653	622
654	621
654	619
655	618
655	614
656	613
656	611
657	610
657	609
658	608
658	607
659	606
659	605
660	604
660	602
661	601
661	600
667	594
667	593
668	592
668	591
669	590
669	584
670	583
670	578
671	577
670	576
670	562
671	561
671	541
672	540
672	536
673	535
673	533
674	532
674	529
675	528
674	527
674	526
671	523
671	522
670	521
670	511
671	510
671	506
672	505
672	499
673	498
673	496
672	495
672	481
671	480
671	476
670	475
670	451
669	450
669	449
668	448
668	447
667	446
667	445
666	444
666	442
665	441
665	440
664	439
664	435
663	434
663	429
662	428
662	425
661	424
661	423
660	422
660	421
659	420
659	419
658	418
658	417
657	416
657	415
656	414
656	413
655	412
655	411
654	410
654	409
653	408
653	407
652	406
652	405
651	404
651	403
650	402
650	401
649	400
649	399
648	398
648	397
647	396
647	395
646	394
646	393
644	391
644	390
643	389
643	388
642	387
642	386
641	385
641	384
639	382
639	381
637	379
637	378
634	375
634	374
631	371
631	370
628	367
628	366
624	362
624	361
620	357
619	357
612	350
612	349
611	348
611	347
610	346
610	332
609	331
609	330
608	329
608	328
607	327
607	326
606	325
606	324
605	323
605	322
603	320
603	319
597	313
597	312
595	310
595	309
594	308
594	307
593	306
593	304
590	301
589	301
588	300
586	300
582	296
582	284
588	278
588	277
589	276
589	274
590	273
590	271
591	270
591	269
592	268
592	266
593	265
593	264
594	263
594	262
595	261
595	260
596	259
596	258
597	257
597	256
598	255
598	252
597	251
597	248
596	247
596	246
595	245
595	244
588	237
587	237
586	236
585	236
584	235
583	235
582	234
580	234
579	233
577	233
576	232
574	232
573	231
571	231
570	230
565	230
564	229
554	229
553	228
550	228
549	227
544	227
543	226
537	226
533	222
533	221
532	220
532	218
531	217
531	215
530	214
530	211
529	210
529	197
528	196
528	194
526	192
526	191
523	188
523	187
522	186
522	185
521	184
521	183
520	182
520	180
519	179
519	177
518	176
518	174
517	173
517	172
516	171
516	170
515	169
515	168
514	167
514	166
513	165
513	164
512	163
512	162
511	161
511	160
510	159
510	158
509	157
509	155
508	154
508	153
506	151
506	150
504	148
504	147
502	145
502	144
500	142
500	141
498	139
498	138
488	128
488	127
479	118
479	117
477	115
477	114
474	111
474	110
471	107
470	107
463	100
463	99
457	93
456	93
453	90
452	90
448	86
447	86
443	82
442	82
441	81
440	81
438	79
437	79
435	77
434	77
430	73
429	73
428	72
427	72
426	71
425	71
424	70
422	70
421	69
419	69
418	68
417	68
416	67
415	67
414	66
412	66
411	65
410	65
409	64
407	64
405	62
404	62
402	60
401	60
400	59
399	59
398	58
397	58
396	57
395	57
394	56
392	56
391	55
389	55
388	54
385	54
384	53
379	53
378	52
373	52
372	51
369	51
368	50
365	50
364	49
361	49
360	48
355	48
354	47
351	47
350	46
348	46
347	45
345	45
344	44
342	44
341	43
334	43
333	42
332	42
331	43
324	43
323	44
321	44
320	45
318	45
317	46
310	46
309	47
301	47
300	48
290	48
289	49
283	49
282	50
264	50
263	49
262	49
255	42
