325	51
324	52
321	52
321	61
319	63
316	63
315	64
300	64
299	63
297	63
296	62
296	57
295	58
280	58
279	59
277	59
276	60
275	60
274	61
273	61
272	62
271	62
270	63
268	63
267	64
265	64
264	65
262	65
261	66
259	66
258	67
257	67
256	68
254	68
253	69
251	69
250	70
247	70
246	71
244	71
243	72
241	72
240	73
239	73
238	74
237	74
236	75
235	75
234	76
233	76
232	77
231	77
230	78
229	78
228	79
227	79
225	81
224	81
222	83
221	83
219	85
218	85
216	87
215	87
214	88
212	88
211	89
210	89
209	90
208	90
207	91
206	91
203	94
202	94
200	96
199	96
197	98
196	98
195	99
194	99
193	100
192	100
191	101
190	101
188	103
187	103
185	105
184	105
181	108
180	108
176	112
175	112
169	118
168	118
166	120
166	121
163	124
163	125
160	128
160	129
158	131
157	131
153	135
152	135
148	139
148	140
146	142
146	143
145	144
145	145
144	146
144	149
143	150
143	152
142	153
142	154
140	156
140	157
135	162
137	164
141	164
142	165
142	175
141	176
141	177
140	178
140	179
139	180
139	181
138	182
138	183
137	184
137	185
135	187
135	188
133	190
133	191
130	194
130	195
129	196
129	197
128	198
128	200
127	201
127	204
126	205
126	207
125	208
125	210
123	212
123	213
119	217
119	218
116	221
116	222
115	223
115	224
114	225
114	228
113	229
113	240
112	241
112	242
111	243
111	244
110	245
110	246
109	247
109	248
108	249
108	250
107	251
107	258
108	259
108	261
109	262
109	263
110	264
110	275
109	276
109	277
108	278
106	278
105	279
104	279
103	280
100	280
99	281
98	281
97	282
96	282
94	284
93	284
92	285
91	285
90	286
79	286
78	287
77	287
76	288
76	301
74	303
73	303
72	304
69	304
68	305
67	305
66	306
65	306
63	308
63	309
61	311
61	312
60	313
60	315
59	316
59	317
57	319
57	320
55	322
55	323
54	324
54	325
53	326
53	329
54	330
54	331
56	333
57	333
58	334
60	334
61	335
68	335
69	334
72	334
73	333
74	333
74	331
72	329
72	328
70	326
70	313
71	312
71	311
73	309
83	309
83	301
84	300
85	300
86	299
100	299
105	304
105	306
106	307
106	317
105	318
105	321
104	322
104	326
103	327
103	330
102	331
102	334
101	335
102	336
102	337
103	338
103	339
104	340
104	341
109	346
109	347
111	349
111	350
112	351
112	352
113	353
113	354
114	355
114	360
115	361
115	362
116	363
116	364
117	365
117	366
118	367
118	369
119	370
119	371
121	373
122	373
123	374
124	374
125	375
127	375
128	376
129	376
130	377
130	378
131	379
131	380
132	381
132	383
133	384
133	387
134	388
134	389
135	390
135	392
136	393
136	394
137	395
137	396
138	397
138	399
139	400
139	402
140	403
140	405
141	406
141	420
135	426
135	427
133	429
133	430
132	431
132	433
131	434
131	440
130	441
130	443
129	444
129	446
128	447
128	448
127	449
127	452
126	453
126	455
120	461
118	461
117	462
115	462
114	463
112	463
109	466
108	466
105	469
104	469
103	470
102	470
101	471
100	471
99	472
99	473
97	475
97	476
95	478
95	479
93	481
92	481
90	483
88	483
87	484
85	484
84	485
83	485
81	487
80	487
76	491
76	492
75	493
75	494
74	495
74	496
73	497
73	498
72	499
72	501
71	502
71	503
70	504
70	505
69	506
69	507
68	508
68	509
67	510
67	511
66	512
66	513
65	514
65	516
64	517
64	526
65	527
65	529
66	530
66	533
67	534
67	537
68	538
68	539
69	540
69	541
70	542
70	544
71	545
71	546
76	551
77	551
79	553
79	554
81	556
81	557
83	559
83	560
85	562
85	563
91	569
92	569
93	570
95	570
96	571
98	571
99	572
102	572
103	573
106	573
107	574
111	574
112	575
117	575
118	574
123	574
124	573
127	573
128	572
132	572
133	571
143	571
144	572
146	572
147	573
147	574
148	575
148	576
149	577
149	580
150	581
150	586
151	587
151	590
152	591
152	595
153	596
153	601
154	602
154	606
155	607
155	612
156	613
156	618
157	619
157	622
158	623
158	626
159	627
159	632
160	633
160	635
161	636
161	638
162	639
162	640
163	641
163	642
165	644
165	645
166	646
166	647
167	648
167	650
168	651
168	652
169	653
169	654
170	655
170	656
171	657
171	658
172	659
172	660
173	661
173	662
174	663
174	664
175	665
175	666
176	667
176	668
177	669
177	670
178	671
178	672
179	673
179	674
180	675
180	677
181	678
181	679
183	681
183	682
186	685
186	686
189	689
189	690
191	692
191	693
194	696
194	697
198	701
198	702
203	707
203	708
206	711
206	712
209	715
209	716
214	721
214	722
219	727
219	728
222	731
222	732
225	735
226	735
232	741
233	741
234	742
235	742
236	743
238	743
239	744
241	744
242	745
243	745
245	747
245	758
243	760
243	761
241	763
241	765
240	766
240	768
239	769
239	771
238	772
238	777
240	779
240	780
246	786
247	786
248	787
250	787
251	788
253	788
254	789
256	789
257	790
261	790
262	791
269	791
270	792
272	792
274	790
274	786
275	785
275	782
276	781
276	780
277	779
277	778
279	776
292	776
293	777
295	777
296	778
298	778
299	779
300	779
301	780
303	780
304	781
306	781
307	782
308	782
309	783
311	783
312	784
314	784
315	785
329	785
330	786
334	786
335	787
337	787
338	788
339	788
344	793
344	794
486	794
491	789
492	789
494	787
495	787
496	786
497	786
498	785
510	785
511	784
513	784
514	783
516	783
517	782
518	782
519	781
520	781
521	780
522	780
524	778
525	778
527	776
528	776
533	771
533	770
534	769
534	768
535	767
535	765
536	764
536	763
537	762
537	761
538	760
538	759
545	752
545	751
546	750
546	749
547	748
547	747
551	743
552	743
553	742
555	742
556	741
557	741
558	740
559	740
561	738
561	737
563	735
563	734
564	733
564	732
565	731
565	730
567	728
567	727
568	726
568	725
569	724
569	722
570	721
570	720
572	718
572	717
574	715
575	715
578	712
579	712
581	710
591	710
593	712
594	711
595	711
597	709
588	709
587	708
587	698
588	697
588	696
589	695
589	694
590	693
590	692
592	690
592	689
594	687
594	686
595	685
595	684
596	683
596	682
597	681
597	680
599	678
599	677
600	676
600	675
604	671
604	670
605	669
605	668
606	667
606	666
607	665
607	663
608	662
608	659
609	658
609	656
611	654
611	653
613	651
613	650
614	649
614	648
615	647
615	645
617	643
617	641
618	640
618	636
619	635
619	629
620	628
620	626
621	625
621	623
622	622
622	621
623	620
623	619
625	617
625	616
626	615
626	614
628	612
628	611
629	610
629	608
630	607
630	604
631	603
631	601
632	600
632	597
633	596
633	593
634	592
634	583
635	582
635	564
634	563
634	544
635	543
635	541
636	540
636	538
637	537
637	535
638	534
638	531
639	530
639	525
638	524
638	513
639	512
638	511
638	509
636	507
636	506
634	504
634	503
633	502
633	501
632	500
632	498
631	497
631	495
630	494
630	491
629	490
629	484
628	483
628	481
627	480
627	479
626	478
626	476
625	475
625	473
624	472
624	470
623	469
623	468
622	467
622	465
621	464
621	463
620	462
620	460
619	459
619	458
618	457
618	455
617	454
617	447
616	446
616	444
614	442
614	441
613	440
613	439
609	435
609	434
605	430
605	429
602	426
602	414
609	407
609	406
611	404
611	403
613	401
614	401
615	400
623	400
624	399
625	399
628	396
628	395
629	394
629	391
630	390
630	389
631	388
631	387
632	386
632	382
631	381
631	378
630	377
630	376
629	375
629	374
627	372
627	371
623	367
622	367
618	363
618	362
612	356
611	356
600	345
600	344
598	342
598	341
597	340
597	338
596	337
596	332
595	331
595	328
594	327
594	325
593	324
593	323
592	322
592	319
591	318
591	308
590	307
590	305
589	304
589	303
588	302
588	301
587	300
587	299
580	292
579	292
578	291
577	291
576	290
574	290
572	288
571	288
569	286
568	286
564	282
564	281
563	280
563	279
562	278
562	274
561	273
561	261
562	260
562	257
561	256
561	250
560	249
560	241
559	240
559	236
558	235
558	233
557	232
557	230
556	229
556	227
555	226
555	225
554	224
554	221
553	220
553	216
552	215
552	212
551	211
551	208
550	207
550	206
549	205
549	203
548	202
548	201
547	200
547	197
546	196
546	195
545	194
545	193
541	189
541	188
539	186
539	185
538	184
538	183
536	181
536	180
535	179
535	178
533	176
533	175
532	174
532	173
531	172
531	171
529	169
529	168
528	167
528	166
526	164
526	163
524	161
524	160
522	158
522	157
520	155
520	154
518	152
518	151
516	149
516	148
515	147
515	145
514	144
514	141
513	140
513	137
512	136
512	135
510	133
510	132
501	123
500	123
497	120
496	120
494	118
493	118
488	113
487	113
485	111
484	111
481	108
480	108
478	106
477	106
475	104
474	104
472	102
471	102
470	101
469	101
468	100
467	100
465	98
463	98
462	97
461	97
460	96
459	96
458	95
457	95
454	92
453	92
450	89
449	89
447	87
446	87
445	86
444	86
443	85
441	85
440	84
438	84
437	83
436	83
435	82
434	82
433	81
432	81
431	80
430	80
429	79
428	79
427	78
426	78
425	77
424	77
423	76
421	76
420	75
418	75
417	74
415	74
414	73
412	73
411	72
410	72
409	71
407	71
406	70
403	70
402	69
399	69
398	68
393	68
392	67
388	67
387	66
383	66
382	65
373	65
372	64
366	64
365	63
352	63
351	62
333	62
332	61
332	51
325	51
324	52
321	52
321	61
319	63
316	63
315	64
300	64
299	63
297	63
296	62
296	57
295	58
280	58
279	59
277	59
276	60
275	60
274	61
273	61
272	62
271	62
270	63
268	63
267	64
265	64
264	65
262	65
261	66
259	66
258	67
257	67
256	68
254	68
253	69
251	69
250	70
247	70
246	71
244	71
243	72
241	72
240	73
239	73
238	74
237	74
236	75
235	75
234	76
233	76
232	77
231	77
230	78
229	78
228	79
227	79
225	81
224	81
222	83
221	83
219	85
218	85
216	87
215	87
214	88
212	88
211	89
210	89
209	90
208	90
207	91
206	91
203	94
202	94
200	96
199	96
197	98
196	98
195	99
194	99
193	100
192	100
191	101
190	101
188	103
187	103
185	105
184	105
181	108
180	108
176	112
175	112
169	118
168	118
166	120
166	121
163	124
163	125
160	128
160	129
158	131
157	131
153	135
152	135
148	139
148	140
146	142
146	143
145	144
145	145
144	146
144	149
143	150
143	152
142	153
142	154
140	156
140	157
135	162
137	164
141	164
142	165
142	175
141	176
141	177
140	178
140	179
139	180
139	181
138	182
138	183
137	184
137	185
135	187
135	188
133	190
133	191
130	194
130	195
129	196
129	197
128	198
128	200
127	201
127	204
126	205
126	207
125	208
125	210
123	212
123	213
119	217
119	218
116	221
116	222
115	223
115	224
114	225
114	228
113	229
113	240
112	241
112	242
111	243
111	244
110	245
110	246
109	247
109	248
108	249
108	250
107	251
107	258
108	259
108	261
109	262
109	263
110	264
110	275
109	276
109	277
108	278
106	278
105	279
104	279
103	280
100	280
99	281
98	281
97	282
96	282
94	284
93	284
92	285
91	285
90	286
79	286
78	287
77	287
76	288
76	301
74	303
73	303
72	304
69	304
68	305
67	305
66	306
65	306
63	308
63	309
61	311
61	312
60	313
60	315
59	316
59	317
57	319
57	320
55	322
55	323
54	324
54	325
53	326
53	329
54	330
54	331
56	333
57	333
58	334
60	334
61	335
68	335
69	334
72	334
73	333
74	333
74	331
72	329
72	328
70	326
70	313
71	312
71	311
73	309
83	309
83	301
84	300
85	300
86	299
100	299
105	304
105	306
106	307
106	317
105	318
105	321
104	322
104	326
103	327
103	330
102	331
102	334
101	335
102	336
102	337
103	338
103	339
104	340
104	341
109	346
109	347
111	349
111	350
112	351
112	352
113	353
113	354
114	355
114	360
115	361
115	362
116	363
116	364
117	365
117	366
118	367
118	369
119	370
119	371
121	373
122	373
123	374
124	374
125	375
127	375
128	376
129	376
130	377
130	378
131	379
131	380
132	381
132	383
133	384
133	387
134	388
134	389
135	390
135	392
136	393
136	394
137	395
137	396
138	397
138	399
139	400
139	402
140	403
140	405
141	406
141	420
135	426
135	427
133	429
133	430
132	431
132	433
131	434
131	440
130	441
130	443
129	444
129	446
128	447
128	448
127	449
127	452
126	453
126	455
120	461
118	461
117	462
115	462
114	463
112	463
109	466
108	466
105	469
104	469
103	470
102	470
101	471
100	471
99	472
99	473
97	475
97	476
95	478
95	479
93	481
92	481
90	483
88	483
87	484
85	484
84	485
83	485
81	487
80	487
76	491
76	492
75	493
75	494
74	495
74	496
73	497
73	498
72	499
72	501
71	502
71	503
70	504
70	505
69	506
69	507
68	508
68	509
67	510
67	511
66	512
66	513
65	514
65	516
64	517
64	526
65	527
65	529
66	530
66	533
67	534
67	537
68	538
68	539
69	540
69	541
70	542
70	544
71	545
71	546
76	551
77	551
79	553
79	554
81	556
81	557
83	559
83	560
85	562
85	563
91	569
92	569
93	570
95	570
96	571
98	571
99	572
102	572
103	573
106	573
107	574
111	574
112	575
117	575
118	574
123	574
124	573
127	573
128	572
132	572
133	571
143	571
144	572
146	572
147	573
147	574
148	575
148	576
149	577
149	580
150	581
150	586
151	587
151	590
152	591
152	595
153	596
153	601
154	602
154	606
155	607
155	612
156	613
156	618
157	619
157	622
158	623
158	626
159	627
159	632
160	633
160	635
161	636
161	638
162	639
162	640
163	641
163	642
165	644
165	645
166	646
166	647
167	648
167	650
168	651
168	652
169	653
169	654
170	655
170	656
171	657
171	658
172	659
172	660
173	661
173	662
174	663
174	664
175	665
175	666
176	667
176	668
177	669
177	670
178	671
178	672
179	673
179	674
180	675
180	677
181	678
181	679
183	681
183	682
186	685
186	686
189	689
189	690
191	692
191	693
194	696
194	697
198	701
198	702
203	707
203	708
206	711
206	712
209	715
209	716
214	721
214	722
219	727
219	728
222	731
222	732
225	735
226	735
232	741
233	741
234	742
235	742
236	743
238	743
239	744
241	744
242	745
243	745
245	747
245	758
243	760
243	761
241	763
241	765
240	766
240	768
239	769
239	771
238	772
238	777
240	779
240	780
246	786
247	786
248	787
250	787
251	788
253	788
254	789
256	789
257	790
261	790
262	791
269	791
270	792
272	792
274	790
274	786
275	785
275	782
276	781
276	780
277	779
277	778
279	776
292	776
293	777
295	777
296	778
298	778
299	779
300	779
301	780
303	780
304	781
306	781
307	782
308	782
309	783
311	783
312	784
314	784
315	785
329	785
330	786
334	786
335	787
337	787
338	788
339	788
344	793
344	794
486	794
491	789
492	789
494	787
495	787
496	786
497	786
498	785
510	785
511	784
513	784
514	783
516	783
517	782
518	782
519	781
520	781
521	780
522	780
524	778
525	778
527	776
528	776
533	771
533	770
534	769
534	768
535	767
535	765
536	764
536	763
537	762
537	761
538	760
538	759
545	752
545	751
546	750
546	749
547	748
547	747
551	743
552	743
553	742
555	742
556	741
557	741
558	740
559	740
561	738
561	737
563	735
563	734
564	733
564	732
565	731
565	730
567	728
567	727
568	726
568	725
569	724
569	722
570	721
570	720
572	718
572	717
574	715
575	715
578	712
579	712
581	710
591	710
593	712
594	711
595	711
597	709
588	709
587	708
587	698
588	697
588	696
589	695
589	694
590	693
590	692
592	690
592	689
594	687
594	686
595	685
595	684
596	683
596	682
597	681
597	680
599	678
599	677
600	676
600	675
604	671
604	670
605	669
605	668
606	667
606	666
607	665
607	663
608	662
608	659
609	658
609	656
611	654
611	653
613	651
613	650
614	649
614	648
615	647
615	645
617	643
617	641
618	640
618	636
619	635
619	629
620	628
620	626
621	625
621	623
622	622
622	621
623	620
623	619
625	617
625	616
626	615
626	614
628	612
628	611
629	610
629	608
630	607
630	604
631	603
631	601
632	600
632	597
633	596
633	593
634	592
634	583
635	582
635	564
634	563
634	544
635	543
635	541
636	540
636	538
637	537
637	535
638	534
638	531
639	530
639	525
638	524
638	513
639	512
638	511
638	509
636	507
636	506
634	504
634	503
633	502
633	501
632	500
632	498
631	497
631	495
630	494
630	491
629	490
629	484
628	483
628	481
627	480
627	479
626	478
626	476
625	475
625	473
624	472
624	470
623	469
623	468
622	467
622	465
621	464
621	463
620	462
620	460
619	459
619	458
618	457
618	455
617	454
617	447
616	446
616	444
614	442
614	441
613	440
613	439
609	435
609	434
605	430
605	429
602	426
602	414
609	407
609	406
611	404
611	403
613	401
614	401
615	400
623	400
624	399
625	399
628	396
628	395
629	394
629	391
630	390
630	389
631	388
631	387
632	386
632	382
631	381
631	378
630	377
630	376
629	375
629	374
627	372
627	371
623	367
622	367
618	363
618	362
612	356
611	356
600	345
600	344
598	342
598	341
597	340
597	338
596	337
596	332
595	331
595	328
594	327
594	325
593	324
593	323
592	322
592	319
591	318
591	308
590	307
590	305
589	304
589	303
588	302
588	301
587	300
587	299
580	292
579	292
578	291
577	291
576	290
574	290
572	288
571	288
569	286
568	286
564	282
564	281
563	280
563	279
562	278
562	274
561	273
561	261
562	260
562	257
561	256
561	250
560	249
560	241
559	240
559	236
558	235
558	233
557	232
557	230
556	229
556	227
555	226
555	225
554	224
554	221
553	220
553	216
552	215
552	212
551	211
551	208
550	207
550	206
549	205
549	203
548	202
548	201
547	200
547	197
546	196
546	195
545	194
545	193
541	189
541	188
539	186
539	185
538	184
538	183
536	181
536	180
535	179
535	178
533	176
533	175
532	174
532	173
531	172
531	171
529	169
529	168
528	167
528	166
526	164
526	163
524	161
524	160
522	158
522	157
520	155
520	154
518	152
518	151
516	149
516	148
515	147
515	145
514	144
514	141
513	140
513	137
512	136
512	135
510	133
510	132
501	123
500	123
497	120
496	120
494	118
493	118
488	113
487	113
485	111
484	111
481	108
480	108
478	106
477	106
475	104
474	104
472	102
471	102
470	101
469	101
468	100
467	100
465	98
463	98
462	97
461	97
460	96
459	96
458	95
457	95
454	92
453	92
450	89
449	89
447	87
446	87
445	86
444	86
443	85
441	85
440	84
438	84
437	83
436	83
435	82
434	82
433	81
432	81
431	80
430	80
429	79
428	79
427	78
426	78
425	77
424	77
423	76
421	76
420	75
418	75
417	74
415	74
414	73
412	73
411	72
410	72
409	71
407	71
406	70
403	70
402	69
399	69
398	68
393	68
392	67
388	67
387	66
383	66
382	65
373	65
372	64
366	64
365	63
352	63
351	62
333	62
332	61
332	51
