320	33
319	34
317	34
316	35
315	35
314	36
313	36
313	37
312	38
312	42
311	43
311	44
307	48
306	48
305	49
304	49
303	50
289	50
287	48
286	49
285	49
283	51
282	51
281	52
280	52
279	53
276	53
275	54
268	54
267	55
266	55
265	56
264	56
259	61
258	61
257	62
244	62
243	61
241	61
240	62
238	62
236	64
235	64
234	65
233	65
229	69
228	69
226	71
223	71
222	72
199	72
198	71
197	71
196	70
196	69
195	68
195	67
194	66
194	65
189	60
188	60
187	59
185	59
183	61
183	62
182	63
183	64
183	66
184	67
184	68
185	69
185	70
186	71
186	72
187	73
187	74
188	75
188	86
184	90
183	90
181	92
180	92
176	96
175	96
167	104
166	104
163	107
162	107
158	111
158	112
148	122
147	122
143	126
142	126
139	129
138	129
138	130
136	132
136	133
135	134
135	136
134	137
134	140
133	141
133	142
132	143
132	144
131	145
131	146
129	148
129	149
125	153
124	153
123	154
122	154
118	158
118	159
116	161
116	162
115	163
115	164
113	166
113	167
112	168
112	169
111	170
111	172
110	173
110	175
108	177
108	178
103	183
102	183
99	186
99	187
98	188
98	189
97	190
97	191
96	192
96	193
95	194
95	195
94	196
94	197
93	198
93	199
92	200
92	201
91	202
91	204
90	205
90	208
89	209
90	210
90	211
91	212
92	212
93	213
94	213
95	214
95	229
94	230
94	235
93	236
93	239
92	240
92	241
91	242
91	243
90	244
90	245
89	246
89	248
88	249
88	251
87	252
87	260
86	261
86	265
85	266
85	269
84	270
84	272
83	273
83	276
82	277
82	291
83	292
83	313
84	314
84	320
85	321
85	326
86	327
86	330
87	331
87	332
88	333
88	335
89	336
89	337
90	338
90	341
91	342
91	357
92	358
92	363
93	364
93	366
94	367
94	368
95	369
95	370
97	372
97	373
99	375
99	376
100	377
100	378
102	380
102	381
104	383
104	384
108	388
108	389
115	396
116	396
117	397
117	398
121	402
121	403
122	404
122	405
124	407
124	408
125	409
125	410
127	412
127	413
131	417
131	418
136	423
136	424
137	425
137	426
139	428
139	429
141	431
141	432
144	435
144	445
142	447
142	449
146	453
147	453
148	454
150	454
151	455
153	455
154	456
155	456
157	458
158	458
159	459
159	460
166	467
166	468
168	470
168	473
169	474
169	484
168	485
168	486
167	487
166	487
165	488
164	488
163	489
161	489
160	490
159	490
158	491
157	491
156	492
155	492
153	494
152	494
149	497
148	497
146	499
146	500
143	503
143	504
141	506
140	506
139	507
138	507
137	508
135	508
134	509
132	509
129	512
129	513
128	514
128	515
127	516
127	521
126	522
126	527
125	528
125	529
124	530
124	531
123	532
123	533
122	534
122	535
121	536
121	537
120	538
120	540
119	541
119	544
120	545
120	547
121	548
121	559
122	560
122	561
123	562
123	563
124	564
124	565
126	567
126	568
128	570
128	571
130	573
130	574
132	576
132	577
133	578
133	579
135	581
135	583
136	584
136	586
137	587
137	589
138	590
138	591
140	593
140	594
141	594
148	601
149	601
152	604
153	604
154	605
155	605
156	606
158	606
158	602
159	601
170	601
171	600
173	600
174	599
175	599
176	598
178	598
179	597
192	597
193	598
194	598
196	600
196	601
197	602
197	603
198	604
198	605
201	608
201	609
203	611
203	612
204	613
204	614
205	615
205	617
206	618
206	620
207	621
207	624
208	625
208	628
209	629
209	632
210	633
210	634
211	635
211	637
212	638
212	639
213	640
213	641
214	642
214	643
215	644
215	646
216	647
216	648
217	649
217	650
219	652
219	653
222	656
222	657
224	659
224	660
225	661
225	662
226	663
226	664
228	666
228	667
229	668
229	669
231	671
231	672
232	673
232	674
233	675
233	676
234	677
234	679
235	680
235	681
236	682
236	683
237	684
237	685
238	686
238	687
246	695
246	696
253	703
253	704
260	711
260	712
266	718
266	719
269	722
269	723
271	725
271	726
276	731
277	731
279	733
280	733
288	741
288	742
292	746
293	746
295	748
296	748
298	750
299	750
300	751
301	751
303	753
304	753
306	755
307	755
308	756
309	756
313	760
313	761
314	762
314	774
313	775
313	778
314	778
315	779
316	779
318	781
319	781
321	783
322	783
324	785
325	785
326	786
327	786
328	787
330	787
331	788
333	788
334	789
340	789
341	788
344	788
345	787
346	787
348	785
349	785
350	784
351	784
352	783
355	783
356	782
379	782
380	783
386	783
387	784
413	784
414	785
416	785
417	786
420	786
421	787
422	787
423	788
424	788
426	790
427	790
429	792
433	792
434	793
439	793
440	792
443	792
444	791
451	791
452	790
459	790
460	789
463	789
464	788
465	788
466	787
466	786
467	785
467	783
468	782
468	781
470	779
476	779
477	778
494	778
499	773
500	773
501	772
506	772
507	771
508	771
510	769
510	768
511	767
511	766
512	765
527	765
528	764
529	764
530	763
531	763
532	762
533	762
535	760
537	760
538	759
539	759
540	758
541	758
544	755
545	755
547	753
548	753
550	751
551	751
552	750
553	750
554	749
555	749
557	747
558	747
564	741
565	741
568	738
569	738
570	737
571	737
573	735
574	735
577	732
578	732
592	718
592	717
596	713
596	712
599	709
599	708
600	707
600	706
601	705
601	704
602	703
602	702
603	701
603	700
605	698
605	697
606	696
606	695
609	692
609	691
622	678
622	677
624	675
624	674
626	672
627	672
631	668
631	655
632	654
632	653
633	652
633	650
635	648
635	647
636	646
636	645
637	644
637	643
638	642
638	641
639	640
639	639
640	638
640	637
641	636
641	634
642	633
642	631
643	630
643	629
644	628
644	626
645	625
645	624
647	622
647	621
649	619
649	618
651	616
651	615
652	614
652	612
653	611
653	610
654	609
654	605
655	604
655	597
656	596
656	593
657	592
657	589
658	588
658	585
659	584
659	580
660	579
660	576
661	575
661	573
662	572
662	569
663	568
663	564
664	563
664	560
665	559
665	557
666	556
666	532
667	531
667	518
666	517
666	512
665	511
665	503
664	502
664	495
663	494
663	491
662	490
662	487
661	486
661	483
660	482
660	480
659	479
659	476
658	475
658	470
657	469
657	466
656	465
656	463
655	462
655	461
654	460
654	458
653	457
653	455
652	454
652	452
651	451
651	449
650	448
650	446
649	445
649	444
648	443
648	442
647	441
647	440
646	439
646	437
644	435
644	434
642	432
642	431
640	429
640	428
639	427
639	426
638	425
638	423
637	422
637	421
635	419
635	418
632	415
632	414
629	411
629	410
628	409
628	408
627	407
627	406
626	405
626	404
624	402
624	401
622	399
622	398
620	396
620	395
617	392
617	391
616	391
611	386
610	386
603	379
603	378
602	377
602	376
601	375
601	372
600	371
600	370
596	366
596	365
595	364
595	352
596	351
596	350
597	349
597	348
598	347
598	346
599	345
599	343
600	342
600	340
599	339
599	337
598	336
598	334
597	333
597	332
595	330
595	329
594	328
594	327
593	326
593	325
592	324
592	310
593	309
593	308
597	304
597	302
598	301
598	294
599	293
599	291
600	290
600	288
601	287
601	286
602	285
602	283
603	282
602	281
602	279
600	277
600	276
599	276
596	273
595	273
593	271
592	271
591	270
590	270
589	269
588	269
587	268
583	268
582	267
565	267
564	266
563	266
562	265
561	265
559	263
558	263
557	262
556	262
555	261
554	261
553	260
546	260
545	259
544	259
543	258
542	258
540	256
540	255
538	253
538	250
537	249
537	237
536	236
536	230
535	229
535	224
534	223
534	222
533	221
533	220
532	219
532	217
531	216
531	214
530	213
530	210
529	209
529	205
528	204
528	201
527	200
527	197
526	196
526	195
525	194
525	192
523	190
523	189
522	188
522	187
520	185
520	184
519	183
519	182
518	181
518	180
517	179
517	178
516	177
516	176
515	175
515	174
513	172
513	171
512	170
512	168
511	167
511	164
510	163
510	161
509	160
509	159
507	157
506	157
504	155
503	155
498	150
498	149
497	148
497	147
496	146
496	145
495	144
495	143
493	141
493	140
492	139
492	138
491	137
491	136
490	135
490	134
488	132
488	131
480	123
480	122
477	119
477	118
473	114
473	113
471	111
470	111
467	108
467	107
462	102
462	101
461	100
460	100
457	97
456	97
454	95
453	95
449	91
448	91
444	87
443	87
441	85
440	85
438	83
437	83
435	81
434	81
433	80
432	80
431	79
430	79
429	78
427	78
426	77
423	77
422	76
420	76
419	75
418	75
417	74
416	74
414	72
413	72
412	71
411	71
410	70
408	70
407	69
405	69
404	68
402	68
401	67
400	67
399	66
398	66
397	65
395	65
394	64
392	64
391	63
389	63
388	62
386	62
385	61
384	61
383	60
382	60
376	54
375	54
373	52
370	52
369	53
359	53
358	52
355	52
354	51
351	51
350	50
331	50
330	49
329	49
327	47
327	36
329	34
331	34
321	34
320	33
319	34
317	34
316	35
315	35
314	36
313	36
313	37
312	38
312	42
311	43
311	44
307	48
306	48
305	49
304	49
303	50
289	50
287	48
286	49
285	49
283	51
282	51
281	52
280	52
279	53
276	53
275	54
268	54
267	55
266	55
265	56
264	56
259	61
258	61
257	62
244	62
243	61
241	61
240	62
238	62
236	64
235	64
234	65
233	65
229	69
228	69
226	71
223	71
222	72
199	72
198	71
197	71
196	70
196	69
195	68
195	67
194	66
194	65
189	60
188	60
187	59
185	59
183	61
183	62
182	63
183	64
183	66
184	67
184	68
185	69
185	70
186	71
186	72
187	73
187	74
188	75
188	86
184	90
183	90
181	92
180	92
176	96
175	96
167	104
166	104
163	107
162	107
158	111
158	112
148	122
147	122
143	126
142	126
139	129
138	129
138	130
136	132
136	133
135	134
135	136
134	137
134	140
133	141
133	142
132	143
132	144
131	145
131	146
129	148
129	149
125	153
124	153
123	154
122	154
118	158
118	159
116	161
116	162
115	163
115	164
113	166
113	167
112	168
112	169
111	170
111	172
110	173
110	175
108	177
108	178
103	183
102	183
99	186
99	187
98	188
98	189
97	190
97	191
96	192
96	193
95	194
95	195
94	196
94	197
93	198
93	199
92	200
92	201
91	202
91	204
90	205
90	208
89	209
90	210
90	211
91	212
92	212
93	213
94	213
95	214
95	229
94	230
94	235
93	236
93	239
92	240
92	241
91	242
91	243
90	244
90	245
89	246
89	248
88	249
88	251
87	252
87	260
86	261
86	265
85	266
85	269
84	270
84	272
83	273
83	276
82	277
82	291
83	292
83	313
84	314
84	320
85	321
85	326
86	327
86	330
87	331
87	332
88	333
88	335
89	336
89	337
90	338
90	341
91	342
91	357
92	358
92	363
93	364
93	366
94	367
94	368
95	369
95	370
97	372
97	373
99	375
99	376
100	377
100	378
102	380
102	381
104	383
104	384
108	388
108	389
115	396
116	396
117	397
117	398
121	402
121	403
122	404
122	405
124	407
124	408
125	409
125	410
127	412
127	413
131	417
131	418
136	423
136	424
137	425
137	426
139	428
139	429
141	431
141	432
144	435
144	445
142	447
142	449
146	453
147	453
148	454
150	454
151	455
153	455
154	456
155	456
157	458
158	458
159	459
159	460
166	467
166	468
168	470
168	473
169	474
169	484
168	485
168	486
167	487
166	487
165	488
164	488
163	489
161	489
160	490
159	490
158	491
157	491
156	492
155	492
153	494
152	494
149	497
148	497
146	499
146	500
143	503
143	504
141	506
140	506
139	507
138	507
137	508
135	508
134	509
132	509
129	512
129	513
128	514
128	515
127	516
127	521
126	522
126	527
125	528
125	529
124	530
124	531
123	532
123	533
122	534
122	535
121	536
121	537
120	538
120	540
119	541
119	544
120	545
120	547
121	548
121	559
122	560
122	561
123	562
123	563
124	564
124	565
126	567
126	568
128	570
128	571
130	573
130	574
132	576
132	577
133	578
133	579
135	581
135	583
136	584
136	586
137	587
137	589
138	590
138	591
140	593
140	594
141	594
148	601
149	601
152	604
153	604
154	605
155	605
156	606
158	606
158	602
159	601
170	601
171	600
173	600
174	599
175	599
176	598
178	598
179	597
192	597
193	598
194	598
196	600
196	601
197	602
197	603
198	604
198	605
201	608
201	609
203	611
203	612
204	613
204	614
205	615
205	617
206	618
206	620
207	621
207	624
208	625
208	628
209	629
209	632
210	633
210	634
211	635
211	637
212	638
212	639
213	640
213	641
214	642
214	643
215	644
215	646
216	647
216	648
217	649
217	650
219	652
219	653
222	656
222	657
224	659
224	660
225	661
225	662
226	663
226	664
228	666
228	667
229	668
229	669
231	671
231	672
232	673
232	674
233	675
233	676
234	677
234	679
235	680
235	681
236	682
236	683
237	684
237	685
238	686
238	687
246	695
246	696
253	703
253	704
260	711
260	712
266	718
266	719
269	722
269	723
271	725
271	726
276	731
277	731
279	733
280	733
288	741
288	742
292	746
293	746
295	748
296	748
298	750
299	750
300	751
301	751
303	753
304	753
306	755
307	755
308	756
309	756
313	760
313	761
314	762
314	774
313	775
313	778
314	778
315	779
316	779
318	781
319	781
321	783
322	783
324	785
325	785
326	786
327	786
328	787
330	787
331	788
333	788
334	789
340	789
341	788
344	788
345	787
346	787
348	785
349	785
350	784
351	784
352	783
355	783
356	782
379	782
380	783
386	783
387	784
413	784
414	785
416	785
417	786
420	786
421	787
422	787
423	788
424	788
426	790
427	790
429	792
433	792
434	793
439	793
440	792
443	792
444	791
451	791
452	790
459	790
460	789
463	789
464	788
465	788
466	787
466	786
467	785
467	783
468	782
468	781
470	779
476	779
477	778
494	778
499	773
500	773
501	772
506	772
507	771
508	771
510	769
510	768
511	767
511	766
512	765
527	765
528	764
529	764
530	763
531	763
532	762
533	762
535	760
537	760
538	759
539	759
540	758
541	758
544	755
545	755
547	753
548	753
550	751
551	751
552	750
553	750
554	749
555	749
557	747
558	747
564	741
565	741
568	738
569	738
570	737
571	737
573	735
574	735
577	732
578	732
592	718
592	717
596	713
596	712
599	709
599	708
600	707
600	706
601	705
601	704
602	703
602	702
603	701
603	700
605	698
605	697
606	696
606	695
609	692
609	691
622	678
622	677
624	675
624	674
626	672
627	672
631	668
631	655
632	654
632	653
633	652
633	650
635	648
635	647
636	646
636	645
637	644
637	643
638	642
638	641
639	640
639	639
640	638
640	637
641	636
641	634
642	633
642	631
643	630
643	629
644	628
644	626
645	625
645	624
647	622
647	621
649	619
649	618
651	616
651	615
652	614
652	612
653	611
653	610
654	609
654	605
655	604
655	597
656	596
656	593
657	592
657	589
658	588
658	585
659	584
659	580
660	579
660	576
661	575
661	573
662	572
662	569
663	568
663	564
664	563
664	560
665	559
665	557
666	556
666	532
667	531
667	518
666	517
666	512
665	511
665	503
664	502
664	495
663	494
663	491
662	490
662	487
661	486
661	483
660	482
660	480
659	479
659	476
658	475
658	470
657	469
657	466
656	465
656	463
655	462
655	461
654	460
654	458
653	457
653	455
652	454
652	452
651	451
651	449
650	448
650	446
649	445
649	444
648	443
648	442
647	441
647	440
646	439
646	437
644	435
644	434
642	432
642	431
640	429
640	428
639	427
639	426
638	425
638	423
637	422
637	421
635	419
635	418
632	415
632	414
629	411
629	410
628	409
628	408
627	407
627	406
626	405
626	404
624	402
624	401
622	399
622	398
620	396
620	395
617	392
617	391
616	391
611	386
610	386
603	379
603	378
602	377
602	376
601	375
601	372
600	371
600	370
596	366
596	365
595	364
595	352
596	351
596	350
597	349
597	348
598	347
598	346
599	345
599	343
600	342
600	340
599	339
599	337
598	336
598	334
597	333
597	332
595	330
595	329
594	328
594	327
593	326
593	325
592	324
592	310
593	309
593	308
597	304
597	302
598	301
598	294
599	293
599	291
600	290
600	288
601	287
601	286
602	285
602	283
603	282
602	281
602	279
600	277
600	276
599	276
596	273
595	273
593	271
592	271
591	270
590	270
589	269
588	269
587	268
583	268
582	267
565	267
564	266
563	266
562	265
561	265
559	263
558	263
557	262
556	262
555	261
554	261
553	260
546	260
545	259
544	259
543	258
542	258
540	256
540	255
538	253
538	250
537	249
537	237
536	236
536	230
535	229
535	224
534	223
534	222
533	221
533	220
532	219
532	217
531	216
531	214
530	213
530	210
529	209
529	205
528	204
528	201
527	200
527	197
526	196
526	195
525	194
525	192
523	190
523	189
522	188
522	187
520	185
520	184
519	183
519	182
518	181
518	180
517	179
517	178
516	177
516	176
515	175
515	174
513	172
513	171
512	170
512	168
511	167
511	164
510	163
510	161
509	160
509	159
507	157
506	157
504	155
503	155
498	150
498	149
497	148
497	147
496	146
496	145
495	144
495	143
493	141
493	140
492	139
492	138
491	137
491	136
490	135
490	134
488	132
488	131
480	123
480	122
477	119
477	118
473	114
473	113
471	111
470	111
467	108
467	107
462	102
462	101
461	100
460	100
457	97
456	97
454	95
453	95
449	91
448	91
444	87
443	87
441	85
440	85
438	83
437	83
435	81
434	81
433	80
432	80
431	79
430	79
429	78
427	78
426	77
423	77
422	76
420	76
419	75
418	75
417	74
416	74
414	72
413	72
412	71
411	71
410	70
408	70
407	69
405	69
404	68
402	68
401	67
400	67
399	66
398	66
397	65
395	65
394	64
392	64
391	63
389	63
388	62
386	62
385	61
384	61
383	60
382	60
376	54
375	54
373	52
370	52
369	53
359	53
358	52
355	52
354	51
351	51
350	50
331	50
330	49
329	49
327	47
327	36
329	34
331	34
321	34
