651	340
650	341
649	341
648	342
647	342
647	343
645	345
627	345
626	346
625	346
624	347
623	347
622	348
621	348
618	351
617	351
611	357
611	358
604	365
604	366
603	367
603	368
602	369
602	370
601	371
601	373
600	374
600	376
601	377
601	378
604	381
616	381
618	383
619	383
620	384
621	384
630	393
635	393
636	392
637	392
638	391
639	391
640	390
641	390
642	389
643	389
644	388
645	388
647	386
648	386
651	383
651	382
653	380
653	379
655	377
655	376
656	375
656	374
657	373
657	372
658	371
658	370
659	369
659	368
660	367
660	366
665	361
665	346
662	343
661	343
660	342
659	342
658	341
657	341
656	340
264	56
263	57
260	57
259	58
257	58
256	59
254	59
253	60
252	60
255	63
255	66
256	67
256	72
257	73
257	74
258	75
258	87
257	88
256	88
254	90
252	90
251	91
248	91
247	92
245	92
244	93
243	93
237	99
236	99
234	101
233	101
231	103
230	103
229	104
229	105
226	108
226	109
223	112
223	113
218	118
217	118
211	124
210	124
209	125
208	125
207	126
206	126
205	127
204	127
202	129
201	129
197	133
197	134
195	136
195	137
192	140
192	141
186	147
185	147
182	150
182	151
180	153
180	154
178	156
178	157
175	160
175	161
163	173
163	174
162	175
162	176
161	177
161	178
160	179
160	180
159	181
159	183
158	184
158	185
157	186
157	187
155	189
155	190
154	191
154	192
153	193
153	195
152	196
152	197
151	198
151	199
150	200
150	201
149	202
149	203
148	204
148	205
147	206
147	207
145	209
145	210
143	212
143	213
140	216
139	216
138	217
129	217
128	218
127	218
126	219
124	219
123	220
122	220
121	221
120	221
119	222
117	222
116	223
104	223
100	219
100	216
99	215
99	211
98	210
98	209
97	208
97	217
95	219
96	220
96	221
98	223
98	236
97	237
97	238
95	240
94	240
92	242
82	242
80	240
80	239
78	237
78	238
77	239
77	240
76	241
76	242
75	243
75	244
74	245
76	245
77	244
87	244
88	245
88	249
89	250
89	252
91	254
92	254
93	255
95	255
96	256
100	256
101	257
102	257
106	261
106	262
108	264
108	265
109	266
109	267
110	268
110	271
111	272
111	274
113	276
113	277
114	278
114	280
115	281
115	284
123	292
123	293
124	294
124	296
125	297
125	301
126	302
126	305
127	306
127	309
128	310
128	313
129	314
129	316
130	317
130	332
131	333
131	337
132	338
132	344
133	345
133	347
134	348
134	349
136	351
136	352
137	353
137	354
138	355
138	356
139	357
139	360
140	361
140	364
141	365
141	367
142	368
142	369
143	370
143	371
144	372
144	374
145	375
145	381
146	382
146	389
147	390
147	399
149	401
150	401
152	403
153	403
154	404
154	405
155	406
155	412
158	415
159	415
161	417
162	417
164	419
164	420
165	421
165	422
166	423
166	426
167	427
167	429
168	430
168	444
167	445
167	446
162	451
162	452
161	453
161	454
159	456
159	457
158	458
158	459
156	461
156	462
155	463
155	465
154	466
154	467
153	468
153	469
152	470
152	471
151	472
151	475
150	476
150	483
151	484
151	507
150	508
150	511
149	512
149	516
148	517
148	519
147	520
147	521
146	522
134	522
132	520
133	521
133	525
134	526
134	542
133	543
133	545
132	546
132	555
133	556
133	558
134	559
134	560
135	561
135	562
136	563
136	567
137	568
137	569
138	570
138	571
140	573
140	574
145	579
145	580
146	581
146	584
147	585
147	588
148	589
148	591
149	592
149	593
150	594
150	604
149	605
139	605
138	606
133	606
133	607
134	608
134	609
136	611
136	612
137	613
137	614
138	615
138	616
139	617
139	618
140	619
140	620
141	621
141	622
142	623
142	624
144	626
144	627
146	629
148	629
149	628
150	628
151	627
152	627
154	625
164	625
165	626
166	626
173	633
176	633
177	632
178	632
179	631
180	631
181	630
200	630
203	633
203	639
204	640
204	644
205	645
205	658
204	659
194	659
193	658
192	658
190	656
189	656
188	655
186	655
185	654
183	654
182	653
179	653
178	652
176	652
175	651
172	654
172	655
174	657
174	658
175	658
178	661
179	661
180	662
181	662
183	664
183	674
182	675
180	675
179	676
178	676
174	680
173	680
172	681
173	680
183	680
184	681
185	681
186	682
187	682
188	683
189	683
190	684
192	684
193	685
195	685
196	686
197	686
198	687
201	687
202	686
217	686
218	687
222	687
223	688
227	688
228	689
231	689
234	692
234	695
235	696
235	698
238	701
239	701
241	703
241	715
240	716
224	716
223	715
221	715
220	716
219	716
217	718
216	718
215	719
215	722
217	724
218	724
219	725
220	725
221	726
222	726
223	727
224	727
226	729
227	729
228	730
229	730
230	731
230	732
232	734
232	735
233	736
233	747
231	749
219	749
218	748
216	748
215	747
215	753
214	754
205	754
210	759
211	759
213	761
214	761
215	762
216	762
220	766
221	766
223	768
224	768
226	770
227	770
228	771
229	771
231	773
232	773
233	774
234	774
235	775
236	775
237	776
238	776
239	777
240	777
241	778
243	778
244	779
246	779
247	780
249	780
250	781
252	781
253	782
254	782
255	783
257	783
258	784
259	784
260	785
262	785
263	786
265	786
266	787
268	787
269	788
271	788
272	789
274	789
275	790
277	790
278	791
280	791
281	792
285	792
286	793
293	793
294	794
304	794
305	793
308	793
309	792
312	792
313	791
315	791
317	789
318	789
319	788
320	788
321	787
326	787
327	786
334	786
334	785
333	785
331	783
331	782
330	781
330	770
331	769
332	769
334	767
335	767
336	766
338	766
339	765
344	765
345	764
346	764
348	762
348	760
349	759
349	756
351	754
351	753
352	752
353	752
357	748
358	748
361	745
362	745
363	744
364	744
366	742
367	742
368	741
369	741
370	740
372	740
373	739
380	739
381	738
384	738
385	737
389	737
390	736
395	736
396	735
397	735
398	734
399	734
400	733
402	733
403	732
404	732
405	731
428	731
429	732
431	732
432	733
433	733
434	734
436	734
437	733
439	733
440	732
441	732
442	731
442	730
443	729
444	729
451	722
453	722
454	721
457	721
458	720
459	720
460	719
462	719
463	718
464	718
465	717
467	717
468	716
472	716
472	713
473	712
473	710
472	709
466	709
465	708
465	697
469	693
469	692
470	691
470	690
471	689
471	686
473	684
473	683
474	682
475	682
476	681
476	680
478	678
479	678
480	677
482	677
483	676
485	676
486	675
487	675
488	674
490	674
491	673
492	673
493	672
495	672
496	671
508	671
513	676
528	676
529	675
530	675
531	674
532	674
535	671
535	670
536	669
536	666
537	665
537	663
538	662
538	661
540	659
540	658
541	657
541	656
543	654
543	653
544	652
544	651
547	648
547	647
549	645
549	644
551	642
551	641
554	638
554	637
555	636
555	635
556	634
556	627
557	626
557	623
558	622
558	621
559	620
559	619
562	616
563	616
567	612
568	612
573	607
573	606
574	605
574	604
575	603
575	592
576	591
576	589
578	587
578	586
580	584
580	583
582	581
582	580
586	576
598	576
599	577
601	577
602	578
605	578
606	577
608	577
609	576
611	576
612	575
614	575
615	574
618	574
619	573
633	573
634	574
635	574
636	575
637	575
638	576
639	576
643	580
645	580
648	577
648	576
650	574
650	573
652	571
652	570
653	569
653	568
654	567
654	566
655	565
655	564
656	563
656	562
657	561
657	559
658	558
658	557
659	556
659	555
661	553
661	552
664	549
664	548
665	547
665	546
666	545
666	544
667	543
667	542
668	541
668	539
669	538
669	533
670	532
670	526
671	525
671	521
672	520
672	511
671	510
671	498
659	498
658	497
657	497
656	496
655	496
649	490
649	489
648	488
648	487
647	486
647	485
646	484
646	482
645	481
645	480
643	478
643	477
637	471
636	471
635	470
631	470
630	471
628	471
627	472
626	472
625	473
624	473
623	474
621	474
620	475
610	475
609	474
607	474
606	473
604	473
603	472
602	472
601	471
598	471
597	470
589	470
587	468
587	467
586	466
586	464
585	463
585	459
584	458
584	445
583	444
583	433
584	432
596	432
604	440
605	439
608	439
609	438
610	438
611	437
612	437
613	436
614	436
615	435
615	433
614	432
614	431
611	428
607	428
606	427
600	427
599	426
597	426
596	425
595	425
594	424
593	424
592	423
591	423
590	422
588	422
587	421
586	421
585	420
583	420
581	418
580	418
579	417
577	417
576	416
565	416
562	413
562	401
563	400
563	398
564	397
564	395
565	394
565	393
566	392
566	390
568	388
568	387
569	386
570	386
572	384
573	384
574	383
575	383
581	377
581	376
582	375
582	374
583	373
583	371
584	370
584	368
585	367
585	365
586	364
586	360
587	359
587	353
588	352
588	336
587	335
587	322
588	321
588	312
589	311
589	306
590	305
590	302
591	301
591	296
592	295
592	292
593	291
593	290
592	289
592	279
591	278
591	266
590	265
590	260
589	259
589	256
588	255
588	248
587	247
587	243
586	242
586	240
585	239
585	237
584	236
584	234
583	233
583	229
582	228
582	225
581	224
581	222
580	221
580	220
579	219
579	217
578	216
578	215
577	214
577	212
576	211
576	208
575	207
575	204
574	203
574	201
573	200
573	199
572	198
572	196
571	195
571	194
569	192
569	191
568	190
568	189
566	187
566	186
565	185
565	184
564	183
564	182
563	181
563	180
561	178
561	177
559	175
559	174
557	172
557	171
555	169
555	168
554	167
554	166
552	164
552	163
544	155
544	154
543	153
543	152
541	150
541	149
539	147
539	146
537	144
536	144
533	141
532	141
530	139
529	139
526	136
525	136
521	132
521	131
519	129
519	128
517	126
517	125
515	123
515	122
512	119
512	118
507	113
506	113
505	112
504	112
503	111
502	111
501	110
500	110
499	109
498	109
493	104
492	104
491	103
490	103
489	102
488	102
487	101
486	101
485	100
484	100
483	99
482	99
480	97
479	97
478	96
476	96
475	95
473	95
472	94
471	94
470	93
468	93
466	91
465	91
463	89
462	89
461	88
458	88
457	87
454	87
453	86
451	86
450	85
449	85
448	84
447	84
446	83
445	83
444	82
442	82
441	81
439	81
438	80
436	80
435	79
432	79
431	78
429	78
428	77
426	77
425	76
421	76
420	75
417	75
416	74
414	74
413	73
410	73
409	72
407	72
406	71
403	71
402	70
400	70
399	69
396	69
395	68
386	68
385	67
382	67
381	66
379	66
378	65
375	65
374	64
369	64
368	65
365	65
364	66
360	66
359	67
339	67
338	68
335	68
334	69
331	69
330	70
319	70
318	71
316	71
315	72
312	72
311	73
308	73
307	74
304	74
303	75
300	75
299	76
297	76
296	77
292	77
291	78
276	78
275	77
274	77
271	74
271	63
272	62
272	61
271	60
271	59
269	57
267	57
266	56
264	56
263	57
260	57
259	58
257	58
256	59
254	59
253	60
252	60
255	63
255	66
256	67
256	72
257	73
257	74
258	75
258	87
257	88
256	88
254	90
252	90
251	91
248	91
247	92
245	92
244	93
243	93
237	99
236	99
234	101
233	101
231	103
230	103
229	104
229	105
226	108
226	109
223	112
223	113
218	118
217	118
211	124
210	124
209	125
208	125
207	126
206	126
205	127
204	127
202	129
201	129
197	133
197	134
195	136
195	137
192	140
192	141
186	147
185	147
182	150
182	151
180	153
180	154
178	156
178	157
175	160
175	161
163	173
163	174
162	175
162	176
161	177
161	178
160	179
160	180
159	181
159	183
158	184
158	185
157	186
157	187
155	189
155	190
154	191
154	192
153	193
153	195
152	196
152	197
151	198
151	199
150	200
150	201
149	202
149	203
148	204
148	205
147	206
147	207
145	209
145	210
143	212
143	213
140	216
139	216
138	217
129	217
128	218
127	218
126	219
124	219
123	220
122	220
121	221
120	221
119	222
117	222
116	223
104	223
100	219
100	216
99	215
99	211
98	210
98	209
97	208
97	217
95	219
96	220
96	221
98	223
98	236
97	237
97	238
95	240
94	240
92	242
82	242
80	240
80	239
78	237
78	238
77	239
77	240
76	241
76	242
75	243
75	244
74	245
76	245
77	244
87	244
88	245
88	249
89	250
89	252
91	254
92	254
93	255
95	255
96	256
100	256
101	257
102	257
106	261
106	262
108	264
108	265
109	266
109	267
110	268
110	271
111	272
111	274
113	276
113	277
114	278
114	280
115	281
115	284
123	292
123	293
124	294
124	296
125	297
125	301
126	302
126	305
127	306
127	309
128	310
128	313
129	314
129	316
130	317
130	332
131	333
131	337
132	338
132	344
133	345
133	347
134	348
134	349
136	351
136	352
137	353
137	354
138	355
138	356
139	357
139	360
140	361
140	364
141	365
141	367
142	368
142	369
143	370
143	371
144	372
144	374
145	375
145	381
146	382
146	389
147	390
147	399
149	401
150	401
152	403
153	403
154	404
154	405
155	406
155	412
158	415
159	415
161	417
162	417
164	419
164	420
165	421
165	422
166	423
166	426
167	427
167	429
168	430
168	444
167	445
167	446
162	451
162	452
161	453
161	454
159	456
159	457
158	458
158	459
156	461
156	462
155	463
155	465
154	466
154	467
153	468
153	469
152	470
152	471
151	472
151	475
150	476
150	483
151	484
151	507
150	508
150	511
149	512
149	516
148	517
148	519
147	520
147	521
146	522
134	522
132	520
133	521
133	525
134	526
134	542
133	543
133	545
132	546
132	555
133	556
133	558
134	559
134	560
135	561
135	562
136	563
136	567
137	568
137	569
138	570
138	571
140	573
140	574
145	579
145	580
146	581
146	584
147	585
147	588
148	589
148	591
149	592
149	593
150	594
150	604
149	605
139	605
138	606
133	606
133	607
134	608
134	609
136	611
136	612
137	613
137	614
138	615
138	616
139	617
139	618
140	619
140	620
141	621
141	622
142	623
142	624
144	626
144	627
146	629
148	629
149	628
150	628
151	627
152	627
154	625
164	625
165	626
166	626
173	633
176	633
177	632
178	632
179	631
180	631
181	630
200	630
203	633
203	639
204	640
204	644
205	645
205	658
204	659
194	659
193	658
192	658
190	656
189	656
188	655
186	655
185	654
183	654
182	653
179	653
178	652
176	652
175	651
172	654
172	655
174	657
174	658
175	658
178	661
179	661
180	662
181	662
183	664
183	674
182	675
180	675
179	676
178	676
174	680
173	680
172	681
173	680
183	680
184	681
185	681
186	682
187	682
188	683
189	683
190	684
192	684
193	685
195	685
196	686
197	686
198	687
201	687
202	686
217	686
218	687
222	687
223	688
227	688
228	689
231	689
234	692
234	695
235	696
235	698
238	701
239	701
241	703
241	715
240	716
224	716
223	715
221	715
220	716
219	716
217	718
216	718
215	719
215	722
217	724
218	724
219	725
220	725
221	726
222	726
223	727
224	727
226	729
227	729
228	730
229	730
230	731
230	732
232	734
232	735
233	736
233	747
231	749
219	749
218	748
216	748
215	747
215	753
214	754
205	754
210	759
211	759
213	761
214	761
215	762
216	762
220	766
221	766
223	768
224	768
226	770
227	770
228	771
229	771
231	773
232	773
233	774
234	774
235	775
236	775
237	776
238	776
239	777
240	777
241	778
243	778
244	779
246	779
247	780
249	780
250	781
252	781
253	782
254	782
255	783
257	783
258	784
259	784
260	785
262	785
263	786
265	786
266	787
268	787
269	788
271	788
272	789
274	789
275	790
277	790
278	791
280	791
281	792
285	792
286	793
293	793
294	794
304	794
305	793
308	793
309	792
312	792
313	791
315	791
317	789
318	789
319	788
320	788
321	787
326	787
327	786
334	786
334	785
333	785
331	783
331	782
330	781
330	770
331	769
332	769
334	767
335	767
336	766
338	766
339	765
344	765
345	764
346	764
348	762
348	760
349	759
349	756
351	754
351	753
352	752
353	752
357	748
358	748
361	745
362	745
363	744
364	744
366	742
367	742
368	741
369	741
370	740
372	740
373	739
380	739
381	738
384	738
385	737
389	737
390	736
395	736
396	735
397	735
398	734
399	734
400	733
402	733
403	732
404	732
405	731
428	731
429	732
431	732
432	733
433	733
434	734
436	734
437	733
439	733
440	732
441	732
442	731
442	730
443	729
444	729
451	722
453	722
454	721
457	721
458	720
459	720
460	719
462	719
463	718
464	718
465	717
467	717
468	716
472	716
472	713
473	712
473	710
472	709
466	709
465	708
465	697
469	693
469	692
470	691
470	690
471	689
471	686
473	684
473	683
474	682
475	682
476	681
476	680
478	678
479	678
480	677
482	677
483	676
485	676
486	675
487	675
488	674
490	674
491	673
492	673
493	672
495	672
496	671
508	671
513	676
528	676
529	675
530	675
531	674
532	674
535	671
535	670
536	669
536	666
537	665
537	663
538	662
538	661
540	659
540	658
541	657
541	656
543	654
543	653
544	652
544	651
547	648
547	647
549	645
549	644
551	642
551	641
554	638
554	637
555	636
555	635
556	634
556	627
557	626
557	623
558	622
558	621
559	620
559	619
562	616
563	616
567	612
568	612
573	607
573	606
574	605
574	604
575	603
575	592
576	591
576	589
578	587
578	586
580	584
580	583
582	581
582	580
586	576
598	576
599	577
601	577
602	578
605	578
606	577
608	577
609	576
611	576
612	575
614	575
615	574
618	574
619	573
633	573
634	574
635	574
636	575
637	575
638	576
639	576
643	580
645	580
648	577
648	576
650	574
650	573
652	571
652	570
653	569
653	568
654	567
654	566
655	565
655	564
656	563
656	562
657	561
657	559
658	558
658	557
659	556
659	555
661	553
661	552
664	549
664	548
665	547
665	546
666	545
666	544
667	543
667	542
668	541
668	539
669	538
669	533
670	532
670	526
671	525
671	521
672	520
672	511
671	510
671	498
659	498
658	497
657	497
656	496
655	496
649	490
649	489
648	488
648	487
647	486
647	485
646	484
646	482
645	481
645	480
643	478
643	477
637	471
636	471
635	470
631	470
630	471
628	471
627	472
626	472
625	473
624	473
623	474
621	474
620	475
610	475
609	474
607	474
606	473
604	473
603	472
602	472
601	471
598	471
597	470
589	470
587	468
587	467
586	466
586	464
585	463
585	459
584	458
584	445
583	444
583	433
584	432
596	432
604	440
605	439
608	439
609	438
610	438
611	437
612	437
613	436
614	436
615	435
615	433
614	432
614	431
611	428
607	428
606	427
600	427
599	426
597	426
596	425
595	425
594	424
593	424
592	423
591	423
590	422
588	422
587	421
586	421
585	420
583	420
581	418
580	418
579	417
577	417
576	416
565	416
562	413
562	401
563	400
563	398
564	397
564	395
565	394
565	393
566	392
566	390
568	388
568	387
569	386
570	386
572	384
573	384
574	383
575	383
581	377
581	376
582	375
582	374
583	373
583	371
584	370
584	368
585	367
585	365
586	364
586	360
587	359
587	353
588	352
588	336
587	335
587	322
588	321
588	312
589	311
589	306
590	305
590	302
591	301
591	296
592	295
592	292
593	291
593	290
592	289
592	279
591	278
591	266
590	265
590	260
589	259
589	256
588	255
588	248
587	247
587	243
586	242
586	240
585	239
585	237
584	236
584	234
583	233
583	229
582	228
582	225
581	224
581	222
580	221
580	220
579	219
579	217
578	216
578	215
577	214
577	212
576	211
576	208
575	207
575	204
574	203
574	201
573	200
573	199
572	198
572	196
571	195
571	194
569	192
569	191
568	190
568	189
566	187
566	186
565	185
565	184
564	183
564	182
563	181
563	180
561	178
561	177
559	175
559	174
557	172
557	171
555	169
555	168
554	167
554	166
552	164
552	163
544	155
544	154
543	153
543	152
541	150
541	149
539	147
539	146
537	144
536	144
533	141
532	141
530	139
529	139
526	136
525	136
521	132
521	131
519	129
519	128
517	126
517	125
515	123
515	122
512	119
512	118
507	113
506	113
505	112
504	112
503	111
502	111
501	110
500	110
499	109
498	109
493	104
492	104
491	103
490	103
489	102
488	102
487	101
486	101
485	100
484	100
483	99
482	99
480	97
479	97
478	96
476	96
475	95
473	95
472	94
471	94
470	93
468	93
466	91
465	91
463	89
462	89
461	88
458	88
457	87
454	87
453	86
451	86
450	85
449	85
448	84
447	84
446	83
445	83
444	82
442	82
441	81
439	81
438	80
436	80
435	79
432	79
431	78
429	78
428	77
426	77
425	76
421	76
420	75
417	75
416	74
414	74
413	73
410	73
409	72
407	72
406	71
403	71
402	70
400	70
399	69
396	69
395	68
386	68
385	67
382	67
381	66
379	66
378	65
375	65
374	64
369	64
368	65
365	65
364	66
360	66
359	67
339	67
338	68
335	68
334	69
331	69
330	70
319	70
318	71
316	71
315	72
312	72
311	73
308	73
307	74
304	74
303	75
300	75
299	76
297	76
296	77
292	77
291	78
276	78
275	77
274	77
271	74
271	63
272	62
272	61
271	60
271	59
269	57
267	57
266	56
