355	36
354	37
350	37
349	38
344	38
343	39
336	39
340	39
341	40
351	40
352	41
354	41
356	43
357	43
359	45
361	45
362	46
368	46
369	45
395	45
396	46
398	46
399	47
401	47
402	48
408	48
409	47
412	47
413	46
427	46
428	47
430	47
431	48
432	48
433	49
434	49
435	50
436	50
437	51
439	51
440	52
440	62
439	63
415	63
414	64
413	64
412	65
411	65
410	66
409	66
407	68
406	68
405	69
404	69
403	70
401	70
400	71
396	71
395	72
389	72
388	73
381	73
380	74
372	74
371	75
366	75
365	76
360	76
359	77
356	77
355	78
353	78
352	79
349	79
348	80
346	80
345	81
342	81
341	82
339	82
338	83
335	83
334	84
331	84
330	85
327	85
326	86
324	86
323	87
321	87
320	88
319	88
318	89
316	89
315	90
313	90
312	91
311	91
310	92
308	92
307	93
306	93
305	94
304	94
303	95
302	95
301	96
300	96
299	97
297	97
296	98
294	98
293	99
292	99
290	101
289	101
288	102
288	103
282	109
281	109
279	111
278	111
275	114
274	114
265	123
264	123
261	126
260	126
257	129
256	129
254	131
253	131
251	133
250	133
249	134
248	134
242	140
242	141
232	151
232	152
229	155
229	156
227	158
227	159
224	162
224	163
222	165
222	166
221	167
221	168
220	169
220	170
219	171
219	172
217	174
217	175
215	177
215	178
212	181
212	182
210	184
210	185
209	186
209	187
208	188
208	189
207	190
207	191
206	192
206	194
204	196
204	197
202	199
202	200
200	202
200	203
199	204
199	205
198	206
198	208
197	209
197	212
196	213
196	216
195	217
195	219
194	220
194	221
193	222
193	223
192	224
192	225
191	226
191	227
190	228
190	230
189	231
189	234
188	235
188	237
186	239
186	240
183	243
183	244
182	245
182	246
181	247
181	248
175	254
174	254
171	257
171	264
170	265
170	267
168	269
168	270
167	271
167	273
166	274
166	279
165	280
165	281
163	283
153	283
153	285
154	286
154	287
155	288
155	290
156	291
156	303
155	304
155	305
152	308
151	308
150	309
146	309
145	310
143	310
142	311
141	311
139	313
138	313
138	314
136	316
136	328
134	330
134	331
132	333
132	334
131	335
131	336
129	338
129	339
128	340
128	341
127	342
127	343
122	348
121	348
119	350
118	350
116	352
116	353
114	355
114	356
112	358
112	359
111	360
111	361
110	362
110	363
109	364
109	365
108	366
108	367
106	369
106	370
105	371
105	372
104	373
104	376
103	377
103	382
102	383
103	384
103	386
104	387
104	388
105	389
105	390
106	391
113	391
114	392
115	392
116	393
116	404
115	405
115	407
114	408
114	411
113	412
113	415
112	416
112	417
111	418
111	420
110	421
110	422
109	423
109	426
108	427
108	429
107	430
107	432
106	433
106	434
105	435
105	437
104	438
104	439
103	440
103	441
101	443
101	444
98	447
99	447
101	449
101	451
102	452
102	454
103	455
103	459
104	460
104	492
105	493
105	495
106	496
106	498
107	499
107	502
108	503
108	507
109	508
109	510
110	511
110	513
111	514
111	517
112	518
112	521
113	522
113	523
114	524
114	525
115	526
115	528
116	529
116	530
117	531
117	535
118	536
118	539
119	540
119	541
120	542
120	544
121	545
121	547
122	548
122	552
123	553
123	558
124	559
124	560
125	561
125	563
126	564
126	567
127	568
127	570
128	571
128	573
129	574
129	575
132	578
132	579
135	582
135	583
137	585
137	586
140	589
140	590
143	593
143	594
145	596
145	597
148	600
149	600
150	601
151	601
155	605
156	605
159	608
160	608
163	611
163	612
165	614
166	614
169	617
170	617
182	629
182	630
184	632
184	633
186	635
186	636
189	639
190	639
195	644
196	644
198	646
199	646
201	648
202	648
208	654
208	664
206	666
205	666
204	667
203	667
202	668
199	668
198	669
196	669
195	670
193	670
192	671
191	671
190	672
188	672
187	673
175	673
174	672
172	672
171	671
163	671
162	672
162	673
165	676
166	676
168	678
169	678
170	679
171	679
172	680
173	680
176	683
177	683
181	687
182	687
187	692
188	692
189	693
190	693
191	694
192	694
193	695
194	695
195	696
196	696
197	697
198	697
199	698
200	698
201	699
202	699
204	701
205	701
209	705
210	705
216	711
216	714
217	715
217	722
218	722
219	721
223	721
224	720
233	720
234	719
236	719
238	717
238	705
239	704
239	702
243	698
256	698
257	699
258	699
259	700
260	700
261	701
262	701
265	704
266	704
267	705
268	705
270	707
271	707
272	708
272	718
273	717
274	717
275	716
289	716
290	717
291	717
296	722
296	723
300	723
301	722
314	722
315	723
318	723
319	724
322	724
323	725
325	725
326	726
330	726
331	727
333	727
334	726
336	726
337	725
338	725
340	723
341	723
342	722
343	722
344	721
346	721
347	720
353	720
354	719
358	719
359	718
361	718
362	717
364	717
365	716
366	716
367	715
368	715
371	712
370	711
367	711
366	710
342	710
341	709
340	709
336	705
336	704
335	703
334	703
333	702
323	702
322	703
321	703
320	704
319	704
318	705
317	705
316	706
314	706
313	707
312	707
311	708
301	708
300	707
300	706
299	705
299	693
302	690
303	690
304	689
305	689
305	688
306	687
319	687
320	688
336	688
337	689
343	689
344	688
348	688
349	687
351	687
352	686
354	686
355	685
357	685
358	684
361	684
362	683
364	683
366	681
367	681
369	679
370	679
371	678
373	678
374	677
375	677
376	676
377	676
378	675
381	675
382	674
386	674
387	673
391	673
392	672
404	672
405	673
405	683
400	688
399	688
401	690
402	690
403	691
403	695
404	695
405	696
406	696
407	697
415	697
416	696
418	696
419	695
420	695
421	694
422	694
424	692
424	691
425	690
425	688
424	687
424	677
427	674
429	674
430	673
446	673
447	672
448	672
452	668
452	667
453	666
453	665
454	664
454	663
455	662
455	661
456	660
456	658
457	657
457	656
458	655
458	654
463	649
466	649
467	648
471	648
472	647
473	647
475	645
475	644
477	642
477	641
478	640
479	640
481	638
482	638
483	637
485	637
486	636
487	636
488	635
489	635
490	634
490	632
491	631
491	628
492	627
492	626
493	625
493	624
496	621
496	620
497	619
497	618
498	617
498	615
499	614
499	612
500	611
500	610
501	609
501	608
510	599
510	597
511	596
511	595
512	594
512	592
513	591
513	590
514	589
514	588
517	585
518	585
521	582
521	581
525	577
525	576
528	573
528	572
531	569
531	568
546	553
547	553
549	551
550	551
551	550
552	550
554	548
555	548
557	546
557	545
558	544
558	532
561	529
562	529
563	528
573	528
574	529
585	529
586	530
587	530
589	532
589	542
593	546
596	546
597	545
598	545
599	544
596	541
596	531
605	522
605	511
604	510
604	509
600	505
599	505
598	504
598	493
600	491
601	491
594	491
593	490
593	489
592	488
592	478
593	477
592	476
592	464
591	463
591	453
592	452
592	451
596	447
596	446
600	442
600	441
602	439
602	438
605	435
605	434
606	433
606	432
608	430
608	428
609	427
609	426
610	425
610	424
611	423
611	422
613	420
613	419
618	414
619	414
621	412
621	411
622	410
622	405
621	404
621	403
620	402
620	385
621	384
621	382
622	381
622	379
623	378
623	377
624	376
624	373
625	372
625	366
626	365
626	355
627	354
627	352
628	351
628	350
629	349
629	348
630	347
630	345
631	344
631	340
632	339
632	333
633	332
633	328
634	327
634	325
635	324
634	323
634	320
633	319
633	302
634	301
634	297
635	296
635	290
634	289
634	283
633	282
633	279
632	278
632	277
630	275
630	274
629	273
629	272
628	271
628	270
627	269
627	262
626	261
626	256
625	255
625	252
624	251
624	248
623	247
623	244
622	243
622	241
621	240
621	237
620	236
620	233
619	232
619	228
618	227
618	225
617	224
617	223
616	222
616	221
615	220
615	219
614	218
614	216
613	215
613	206
612	205
612	204
609	201
609	200
608	200
605	197
605	196
601	192
601	191
600	190
600	189
598	187
598	185
596	183
596	182
595	181
595	180
592	177
592	176
590	174
590	172
589	171
589	169
588	168
588	167
584	163
583	163
581	161
580	161
576	157
576	156
574	154
574	153
572	151
572	150
561	139
561	138
559	136
559	135
552	128
551	128
547	124
547	123
545	121
545	110
546	109
549	109
548	108
547	108
543	104
543	93
542	92
541	92
540	91
529	91
528	90
526	90
525	89
524	89
523	88
521	88
520	87
519	87
518	86
517	86
515	84
514	84
507	77
506	77
505	76
504	76
503	75
502	75
501	74
500	74
497	71
496	71
494	69
493	69
492	68
490	68
489	67
488	67
487	66
486	66
485	65
484	65
483	64
482	64
481	63
479	63
478	62
477	62
476	61
474	61
472	59
471	59
469	57
468	57
467	56
465	56
464	55
462	55
461	54
458	54
457	53
455	53
454	52
452	52
451	51
448	51
447	50
444	50
443	49
439	49
438	48
436	48
435	47
434	47
433	46
431	46
430	45
429	45
428	44
427	44
426	43
424	43
423	42
421	42
420	41
418	41
417	40
397	40
396	39
389	39
388	38
372	38
371	37
365	37
364	36
355	36
354	37
350	37
349	38
344	38
343	39
336	39
340	39
341	40
351	40
352	41
354	41
356	43
357	43
359	45
361	45
362	46
368	46
369	45
395	45
396	46
398	46
399	47
401	47
402	48
408	48
409	47
412	47
413	46
427	46
428	47
430	47
431	48
432	48
433	49
434	49
435	50
436	50
437	51
439	51
440	52
440	62
439	63
415	63
414	64
413	64
412	65
411	65
410	66
409	66
407	68
406	68
405	69
404	69
403	70
401	70
400	71
396	71
395	72
389	72
388	73
381	73
380	74
372	74
371	75
366	75
365	76
360	76
359	77
356	77
355	78
353	78
352	79
349	79
348	80
346	80
345	81
342	81
341	82
339	82
338	83
335	83
334	84
331	84
330	85
327	85
326	86
324	86
323	87
321	87
320	88
319	88
318	89
316	89
315	90
313	90
312	91
311	91
310	92
308	92
307	93
306	93
305	94
304	94
303	95
302	95
301	96
300	96
299	97
297	97
296	98
294	98
293	99
292	99
290	101
289	101
288	102
288	103
282	109
281	109
279	111
278	111
275	114
274	114
265	123
264	123
261	126
260	126
257	129
256	129
254	131
253	131
251	133
250	133
249	134
248	134
242	140
242	141
232	151
232	152
229	155
229	156
227	158
227	159
224	162
224	163
222	165
222	166
221	167
221	168
220	169
220	170
219	171
219	172
217	174
217	175
215	177
215	178
212	181
212	182
210	184
210	185
209	186
209	187
208	188
208	189
207	190
207	191
206	192
206	194
204	196
204	197
202	199
202	200
200	202
200	203
199	204
199	205
198	206
198	208
197	209
197	212
196	213
196	216
195	217
195	219
194	220
194	221
193	222
193	223
192	224
192	225
191	226
191	227
190	228
190	230
189	231
189	234
188	235
188	237
186	239
186	240
183	243
183	244
182	245
182	246
181	247
181	248
175	254
174	254
171	257
171	264
170	265
170	267
168	269
168	270
167	271
167	273
166	274
166	279
165	280
165	281
163	283
153	283
153	285
154	286
154	287
155	288
155	290
156	291
156	303
155	304
155	305
152	308
151	308
150	309
146	309
145	310
143	310
142	311
141	311
139	313
138	313
138	314
136	316
136	328
134	330
134	331
132	333
132	334
131	335
131	336
129	338
129	339
128	340
128	341
127	342
127	343
122	348
121	348
119	350
118	350
116	352
116	353
114	355
114	356
112	358
112	359
111	360
111	361
110	362
110	363
109	364
109	365
108	366
108	367
106	369
106	370
105	371
105	372
104	373
104	376
103	377
103	382
102	383
103	384
103	386
104	387
104	388
105	389
105	390
106	391
113	391
114	392
115	392
116	393
116	404
115	405
115	407
114	408
114	411
113	412
113	415
112	416
112	417
111	418
111	420
110	421
110	422
109	423
109	426
108	427
108	429
107	430
107	432
106	433
106	434
105	435
105	437
104	438
104	439
103	440
103	441
101	443
101	444
98	447
99	447
101	449
101	451
102	452
102	454
103	455
103	459
104	460
104	492
105	493
105	495
106	496
106	498
107	499
107	502
108	503
108	507
109	508
109	510
110	511
110	513
111	514
111	517
112	518
112	521
113	522
113	523
114	524
114	525
115	526
115	528
116	529
116	530
117	531
117	535
118	536
118	539
119	540
119	541
120	542
120	544
121	545
121	547
122	548
122	552
123	553
123	558
124	559
124	560
125	561
125	563
126	564
126	567
127	568
127	570
128	571
128	573
129	574
129	575
132	578
132	579
135	582
135	583
137	585
137	586
140	589
140	590
143	593
143	594
145	596
145	597
148	600
149	600
150	601
151	601
155	605
156	605
159	608
160	608
163	611
163	612
165	614
166	614
169	617
170	617
182	629
182	630
184	632
184	633
186	635
186	636
189	639
190	639
195	644
196	644
198	646
199	646
201	648
202	648
208	654
208	664
206	666
205	666
204	667
203	667
202	668
199	668
198	669
196	669
195	670
193	670
192	671
191	671
190	672
188	672
187	673
175	673
174	672
172	672
171	671
163	671
162	672
162	673
165	676
166	676
168	678
169	678
170	679
171	679
172	680
173	680
176	683
177	683
181	687
182	687
187	692
188	692
189	693
190	693
191	694
192	694
193	695
194	695
195	696
196	696
197	697
198	697
199	698
200	698
201	699
202	699
204	701
205	701
209	705
210	705
216	711
216	714
217	715
217	722
218	722
219	721
223	721
224	720
233	720
234	719
236	719
238	717
238	705
239	704
239	702
243	698
256	698
257	699
258	699
259	700
260	700
261	701
262	701
265	704
266	704
267	705
268	705
270	707
271	707
272	708
272	718
273	717
274	717
275	716
289	716
290	717
291	717
296	722
296	723
300	723
301	722
314	722
315	723
318	723
319	724
322	724
323	725
325	725
326	726
330	726
331	727
333	727
334	726
336	726
337	725
338	725
340	723
341	723
342	722
343	722
344	721
346	721
347	720
353	720
354	719
358	719
359	718
361	718
362	717
364	717
365	716
366	716
367	715
368	715
371	712
370	711
367	711
366	710
342	710
341	709
340	709
336	705
336	704
335	703
334	703
333	702
323	702
322	703
321	703
320	704
319	704
318	705
317	705
316	706
314	706
313	707
312	707
311	708
301	708
300	707
300	706
299	705
299	693
302	690
303	690
304	689
305	689
305	688
306	687
319	687
320	688
336	688
337	689
343	689
344	688
348	688
349	687
351	687
352	686
354	686
355	685
357	685
358	684
361	684
362	683
364	683
366	681
367	681
369	679
370	679
371	678
373	678
374	677
375	677
376	676
377	676
378	675
381	675
382	674
386	674
387	673
391	673
392	672
404	672
405	673
405	683
400	688
399	688
401	690
402	690
403	691
403	695
404	695
405	696
406	696
407	697
415	697
416	696
418	696
419	695
420	695
421	694
422	694
424	692
424	691
425	690
425	688
424	687
424	677
427	674
429	674
430	673
446	673
447	672
448	672
452	668
452	667
453	666
453	665
454	664
454	663
455	662
455	661
456	660
456	658
457	657
457	656
458	655
458	654
463	649
466	649
467	648
471	648
472	647
473	647
475	645
475	644
477	642
477	641
478	640
479	640
481	638
482	638
483	637
485	637
486	636
487	636
488	635
489	635
490	634
490	632
491	631
491	628
492	627
492	626
493	625
493	624
496	621
496	620
497	619
497	618
498	617
498	615
499	614
499	612
500	611
500	610
501	609
501	608
510	599
510	597
511	596
511	595
512	594
512	592
513	591
513	590
514	589
514	588
517	585
518	585
521	582
521	581
525	577
525	576
528	573
528	572
531	569
531	568
546	553
547	553
549	551
550	551
551	550
552	550
554	548
555	548
557	546
557	545
558	544
558	532
561	529
562	529
563	528
573	528
574	529
585	529
586	530
587	530
589	532
589	542
593	546
596	546
597	545
598	545
599	544
596	541
596	531
605	522
605	511
604	510
604	509
600	505
599	505
598	504
598	493
600	491
601	491
594	491
593	490
593	489
592	488
592	478
593	477
592	476
592	464
591	463
591	453
592	452
592	451
596	447
596	446
600	442
600	441
602	439
602	438
605	435
605	434
606	433
606	432
608	430
608	428
609	427
609	426
610	425
610	424
611	423
611	422
613	420
613	419
618	414
619	414
621	412
621	411
622	410
622	405
621	404
621	403
620	402
620	385
621	384
621	382
622	381
622	379
623	378
623	377
624	376
624	373
625	372
625	366
626	365
626	355
627	354
627	352
628	351
628	350
629	349
629	348
630	347
630	345
631	344
631	340
632	339
632	333
633	332
633	328
634	327
634	325
635	324
634	323
634	320
633	319
633	302
634	301
634	297
635	296
635	290
634	289
634	283
633	282
633	279
632	278
632	277
630	275
630	274
629	273
629	272
628	271
628	270
627	269
627	262
626	261
626	256
625	255
625	252
624	251
624	248
623	247
623	244
622	243
622	241
621	240
621	237
620	236
620	233
619	232
619	228
618	227
618	225
617	224
617	223
616	222
616	221
615	220
615	219
614	218
614	216
613	215
613	206
612	205
612	204
609	201
609	200
608	200
605	197
605	196
601	192
601	191
600	190
600	189
598	187
598	185
596	183
596	182
595	181
595	180
592	177
592	176
590	174
590	172
589	171
589	169
588	168
588	167
584	163
583	163
581	161
580	161
576	157
576	156
574	154
574	153
572	151
572	150
561	139
561	138
559	136
559	135
552	128
551	128
547	124
547	123
545	121
545	110
546	109
549	109
548	108
547	108
543	104
543	93
542	92
541	92
540	91
529	91
528	90
526	90
525	89
524	89
523	88
521	88
520	87
519	87
518	86
517	86
515	84
514	84
507	77
506	77
505	76
504	76
503	75
502	75
501	74
500	74
497	71
496	71
494	69
493	69
492	68
490	68
489	67
488	67
487	66
486	66
485	65
484	65
483	64
482	64
481	63
479	63
478	62
477	62
476	61
474	61
472	59
471	59
469	57
468	57
467	56
465	56
464	55
462	55
461	54
458	54
457	53
455	53
454	52
452	52
451	51
448	51
447	50
444	50
443	49
439	49
438	48
436	48
435	47
434	47
433	46
431	46
430	45
429	45
428	44
427	44
426	43
424	43
423	42
421	42
420	41
418	41
417	40
397	40
396	39
389	39
388	38
372	38
371	37
365	37
364	36
