360	145
359	146
356	146
355	147
353	147
352	148
350	148
349	149
348	149
347	150
343	150
342	151
339	151
338	152
336	152
335	153
333	153
331	155
330	155
325	160
309	160
307	162
307	163
303	167
302	167
301	168
299	168
298	169
296	169
295	170
278	170
277	171
272	171
271	172
267	172
266	173
264	173
263	174
261	174
260	175
259	175
258	176
257	176
256	177
255	177
252	180
252	181
249	184
248	184
245	187
244	187
237	194
236	194
232	198
231	198
229	200
228	200
223	205
223	206
221	208
221	209
215	215
214	215
213	216
212	216
211	217
210	217
202	225
201	225
200	226
199	226
198	227
197	227
196	228
195	228
192	231
192	232
185	239
185	240
183	242
183	244
181	246
181	247
178	250
177	250
173	254
173	255
171	257
171	259
170	260
170	263
165	268
164	268
160	272
160	274
159	275
159	277
158	278
158	286
157	287
157	289
156	290
156	291
154	293
154	294
153	295
153	296
151	298
151	299
149	301
149	302
147	304
147	305
143	309
143	310
137	316
137	317
135	319
135	320
133	322
133	323
132	324
132	325
130	327
130	328
129	329
129	330
128	331
128	332
127	333
127	334
126	335
126	336
125	337
125	339
124	340
124	342
123	343
123	344
122	345
122	347
121	348
121	349
120	350
120	352
119	353
119	354
118	355
118	357
117	358
117	360
116	361
116	364
115	365
115	372
114	373
114	385
113	386
113	391
112	392
112	394
111	395
111	397
110	398
110	403
109	404
109	405
108	406
108	407
107	408
107	410
106	411
106	415
105	416
105	419
104	420
104	423
105	424
105	426
110	431
110	433
111	434
111	448
112	449
112	453
113	454
113	458
114	459
114	463
115	464
115	468
116	469
116	471
117	472
117	482
118	483
118	487
119	488
119	490
120	491
120	493
121	494
121	497
122	498
122	507
123	508
123	510
124	511
124	512
126	514
126	515
127	516
127	517
128	518
128	527
129	528
129	529
130	530
130	532
131	533
131	534
132	535
132	536
133	537
133	538
134	539
134	540
135	541
135	542
136	543
136	544
137	545
137	546
138	547
138	548
140	550
140	551
142	553
142	554
144	556
144	557
145	558
145	559
147	561
147	562
148	563
148	564
149	565
149	567
150	568
150	569
152	571
152	572
153	573
153	574
155	576
155	577
158	580
158	581
159	582
159	583
160	584
160	585
161	586
161	587
162	588
162	589
165	592
165	593
167	595
167	596
177	606
177	607
181	611
181	612
191	622
191	623
195	627
195	628
197	630
197	631
198	632
198	633
203	638
204	638
208	642
208	643
210	645
211	645
213	647
214	647
216	649
218	649
219	650
220	650
221	651
222	651
223	652
224	652
225	653
226	653
227	654
228	654
229	655
230	655
233	658
234	658
238	662
239	662
240	663
241	663
242	664
244	664
245	665
246	665
247	666
249	666
251	668
252	668
253	669
254	669
256	671
257	671
266	680
267	680
268	681
269	681
270	682
271	682
272	683
274	683
276	685
277	685
279	687
280	687
282	689
283	689
285	691
286	691
288	693
289	693
292	696
293	696
294	697
295	697
296	698
297	698
298	699
300	699
301	700
303	700
304	701
305	701
306	702
307	702
308	703
310	703
311	704
312	704
313	705
314	705
317	708
318	708
319	709
320	709
321	710
327	710
328	711
331	711
332	712
334	712
335	713
337	713
338	714
340	714
341	715
342	715
343	716
345	716
346	717
349	717
350	718
354	718
355	719
356	719
357	720
358	720
359	721
361	721
362	722
365	722
366	723
370	723
371	724
384	724
385	725
391	725
392	726
396	726
397	725
402	725
403	724
406	724
407	723
409	723
410	722
442	722
443	721
445	721
446	720
447	720
448	719
459	719
460	718
461	718
467	712
468	712
469	711
474	711
475	710
478	710
479	709
481	709
482	708
484	708
485	707
487	707
488	706
490	706
491	705
493	705
494	704
496	704
497	703
498	703
500	701
501	701
502	700
503	700
504	699
505	699
506	698
507	698
508	697
509	697
511	695
512	695
515	692
516	692
519	689
520	689
535	674
536	674
549	661
549	660
551	658
552	658
555	655
556	655
558	653
559	653
561	651
563	651
564	650
565	650
568	647
568	645
569	644
569	642
570	641
570	640
575	635
576	635
586	625
586	624
587	623
587	622
589	620
589	619
595	613
595	612
596	611
596	610
597	609
597	606
598	605
598	604
599	603
599	602
600	601
600	599
602	597
602	596
607	591
607	590
608	589
608	588
610	586
610	585
612	583
612	582
613	581
613	580
614	579
614	577
615	576
615	575
616	574
616	573
617	572
617	558
618	557
618	555
619	554
619	553
620	552
620	550
621	549
621	547
622	546
622	545
623	544
623	542
624	541
624	539
625	538
624	537
624	535
623	534
623	528
622	527
622	513
621	512
621	502
620	501
620	495
619	494
619	490
618	489
618	415
619	414
619	412
620	411
620	409
621	408
621	395
622	394
622	386
623	385
623	360
624	359
624	358
623	357
623	356
622	355
622	353
621	352
621	350
620	349
620	347
619	346
619	345
617	343
617	342
612	337
612	336
608	332
608	331
607	330
607	329
606	328
606	327
605	326
605	324
603	322
603	321
602	320
602	319
601	318
601	317
600	316
600	314
599	313
599	311
598	310
598	297
596	295
595	295
594	294
591	294
590	293
589	293
588	292
588	291
586	289
586	288
585	287
585	286
583	284
583	283
581	281
581	280
579	278
579	277
578	276
578	270
577	269
577	268
576	267
576	266
575	265
575	264
574	263
574	262
573	261
573	260
572	259
572	258
570	256
570	255
563	248
563	247
560	244
560	243
559	242
559	236
558	235
558	233
557	232
557	231
556	230
556	229
555	228
555	227
554	226
554	225
548	219
547	219
544	216
543	216
531	204
530	204
528	202
527	202
525	200
524	200
522	198
521	198
510	187
510	186
509	185
509	184
501	176
500	176
499	175
497	175
496	174
494	174
493	173
491	173
490	172
487	172
486	171
483	171
482	170
479	170
478	169
477	169
475	167
474	167
473	166
467	166
466	165
465	165
464	164
463	164
462	163
460	163
459	162
458	162
457	161
456	161
455	160
454	160
453	159
437	159
436	158
432	158
430	156
430	155
429	154
429	153
428	152
428	151
425	151
424	152
400	152
399	151
397	151
395	149
395	148
393	146
392	147
367	147
366	146
365	146
364	145
360	145
359	146
356	146
355	147
353	147
352	148
350	148
349	149
348	149
347	150
343	150
342	151
339	151
338	152
336	152
335	153
333	153
331	155
330	155
325	160
309	160
307	162
307	163
303	167
302	167
301	168
299	168
298	169
296	169
295	170
278	170
277	171
272	171
271	172
267	172
266	173
264	173
263	174
261	174
260	175
259	175
258	176
257	176
256	177
255	177
252	180
252	181
249	184
248	184
245	187
244	187
237	194
236	194
232	198
231	198
229	200
228	200
223	205
223	206
221	208
221	209
215	215
214	215
213	216
212	216
211	217
210	217
202	225
201	225
200	226
199	226
198	227
197	227
196	228
195	228
192	231
192	232
185	239
185	240
183	242
183	244
181	246
181	247
178	250
177	250
173	254
173	255
171	257
171	259
170	260
170	263
165	268
164	268
160	272
160	274
159	275
159	277
158	278
158	286
157	287
157	289
156	290
156	291
154	293
154	294
153	295
153	296
151	298
151	299
149	301
149	302
147	304
147	305
143	309
143	310
137	316
137	317
135	319
135	320
133	322
133	323
132	324
132	325
130	327
130	328
129	329
129	330
128	331
128	332
127	333
127	334
126	335
126	336
125	337
125	339
124	340
124	342
123	343
123	344
122	345
122	347
121	348
121	349
120	350
120	352
119	353
119	354
118	355
118	357
117	358
117	360
116	361
116	364
115	365
115	372
114	373
114	385
113	386
113	391
112	392
112	394
111	395
111	397
110	398
110	403
109	404
109	405
108	406
108	407
107	408
107	410
106	411
106	415
105	416
105	419
104	420
104	423
105	424
105	426
110	431
110	433
111	434
111	448
112	449
112	453
113	454
113	458
114	459
114	463
115	464
115	468
116	469
116	471
117	472
117	482
118	483
118	487
119	488
119	490
120	491
120	493
121	494
121	497
122	498
122	507
123	508
123	510
124	511
124	512
126	514
126	515
127	516
127	517
128	518
128	527
129	528
129	529
130	530
130	532
131	533
131	534
132	535
132	536
133	537
133	538
134	539
134	540
135	541
135	542
136	543
136	544
137	545
137	546
138	547
138	548
140	550
140	551
142	553
142	554
144	556
144	557
145	558
145	559
147	561
147	562
148	563
148	564
149	565
149	567
150	568
150	569
152	571
152	572
153	573
153	574
155	576
155	577
158	580
158	581
159	582
159	583
160	584
160	585
161	586
161	587
162	588
162	589
165	592
165	593
167	595
167	596
177	606
177	607
181	611
181	612
191	622
191	623
195	627
195	628
197	630
197	631
198	632
198	633
203	638
204	638
208	642
208	643
210	645
211	645
213	647
214	647
216	649
218	649
219	650
220	650
221	651
222	651
223	652
224	652
225	653
226	653
227	654
228	654
229	655
230	655
233	658
234	658
238	662
239	662
240	663
241	663
242	664
244	664
245	665
246	665
247	666
249	666
251	668
252	668
253	669
254	669
256	671
257	671
266	680
267	680
268	681
269	681
270	682
271	682
272	683
274	683
276	685
277	685
279	687
280	687
282	689
283	689
285	691
286	691
288	693
289	693
292	696
293	696
294	697
295	697
296	698
297	698
298	699
300	699
301	700
303	700
304	701
305	701
306	702
307	702
308	703
310	703
311	704
312	704
313	705
314	705
317	708
318	708
319	709
320	709
321	710
327	710
328	711
331	711
332	712
334	712
335	713
337	713
338	714
340	714
341	715
342	715
343	716
345	716
346	717
349	717
350	718
354	718
355	719
356	719
357	720
358	720
359	721
361	721
362	722
365	722
366	723
370	723
371	724
384	724
385	725
391	725
392	726
396	726
397	725
402	725
403	724
406	724
407	723
409	723
410	722
442	722
443	721
445	721
446	720
447	720
448	719
459	719
460	718
461	718
467	712
468	712
469	711
474	711
475	710
478	710
479	709
481	709
482	708
484	708
485	707
487	707
488	706
490	706
491	705
493	705
494	704
496	704
497	703
498	703
500	701
501	701
502	700
503	700
504	699
505	699
506	698
507	698
508	697
509	697
511	695
512	695
515	692
516	692
519	689
520	689
535	674
536	674
549	661
549	660
551	658
552	658
555	655
556	655
558	653
559	653
561	651
563	651
564	650
565	650
568	647
568	645
569	644
569	642
570	641
570	640
575	635
576	635
586	625
586	624
587	623
587	622
589	620
589	619
595	613
595	612
596	611
596	610
597	609
597	606
598	605
598	604
599	603
599	602
600	601
600	599
602	597
602	596
607	591
607	590
608	589
608	588
610	586
610	585
612	583
612	582
613	581
613	580
614	579
614	577
615	576
615	575
616	574
616	573
617	572
617	558
618	557
618	555
619	554
619	553
620	552
620	550
621	549
621	547
622	546
622	545
623	544
623	542
624	541
624	539
625	538
624	537
624	535
623	534
623	528
622	527
622	513
621	512
621	502
620	501
620	495
619	494
619	490
618	489
618	415
619	414
619	412
620	411
620	409
621	408
621	395
622	394
622	386
623	385
623	360
624	359
624	358
623	357
623	356
622	355
622	353
621	352
621	350
620	349
620	347
619	346
619	345
617	343
617	342
612	337
612	336
608	332
608	331
607	330
607	329
606	328
606	327
605	326
605	324
603	322
603	321
602	320
602	319
601	318
601	317
600	316
600	314
599	313
599	311
598	310
598	297
596	295
595	295
594	294
591	294
590	293
589	293
588	292
588	291
586	289
586	288
585	287
585	286
583	284
583	283
581	281
581	280
579	278
579	277
578	276
578	270
577	269
577	268
576	267
576	266
575	265
575	264
574	263
574	262
573	261
573	260
572	259
572	258
570	256
570	255
563	248
563	247
560	244
560	243
559	242
559	236
558	235
558	233
557	232
557	231
556	230
556	229
555	228
555	227
554	226
554	225
548	219
547	219
544	216
543	216
531	204
530	204
528	202
527	202
525	200
524	200
522	198
521	198
510	187
510	186
509	185
509	184
501	176
500	176
499	175
497	175
496	174
494	174
493	173
491	173
490	172
487	172
486	171
483	171
482	170
479	170
478	169
477	169
475	167
474	167
473	166
467	166
466	165
465	165
464	164
463	164
462	163
460	163
459	162
458	162
457	161
456	161
455	160
454	160
453	159
437	159
436	158
432	158
430	156
430	155
429	154
429	153
428	152
428	151
425	151
424	152
400	152
399	151
397	151
395	149
395	148
393	146
392	147
367	147
366	146
365	146
364	145
