374	166
373	167
354	167
353	168
334	168
333	169
331	169
330	170
329	170
328	171
327	171
326	172
323	172
322	173
315	173
314	174
312	174
311	175
309	175
308	176
306	176
305	177
304	177
303	178
302	178
301	179
300	179
299	180
298	180
297	181
294	181
293	182
291	182
290	183
288	183
287	184
284	184
283	185
281	185
280	186
279	186
278	187
277	187
276	188
275	188
274	189
273	189
272	190
271	190
269	192
268	192
266	194
265	194
264	195
263	195
262	196
261	196
259	198
258	198
256	200
255	200
253	202
252	202
251	203
250	203
248	205
247	205
236	216
235	216
218	233
218	234
215	237
215	238
208	245
207	245
201	251
200	251
198	253
197	253
192	258
192	259
188	263
188	264
186	266
186	267
183	270
183	271
181	273
181	274
180	275
180	276
179	277
179	278
178	279
178	280
177	281
177	282
176	283
176	284
175	285
175	286
174	287
174	288
173	289
173	290
172	291
172	292
171	293
171	294
170	295
170	296
169	297
169	299
168	300
168	301
167	302
167	303
165	305
165	306
163	308
163	310
162	311
162	314
161	315
161	317
160	318
160	319
157	322
157	323
155	325
155	326
154	327
154	328
152	330
152	331
150	333
150	347
149	348
149	350
148	351
148	354
147	355
147	357
146	358
146	359
145	360
145	361
144	362
144	363
143	364
143	365
142	366
142	367
141	368
141	369
140	370
140	371
139	372
139	373
137	375
137	376
135	378
135	379
132	382
132	383
130	385
130	386
128	388
128	389
127	390
127	391
125	393
125	395
124	396
124	397
123	398
123	400
122	401
122	404
121	405
121	414
120	415
120	448
119	449
119	451
117	453
117	454
115	456
115	457
114	458
114	462
113	463
113	468
114	469
114	473
115	474
115	478
116	479
116	483
117	484
117	487
118	488
118	491
119	492
119	494
120	495
120	497
121	498
121	500
122	501
122	502
123	503
123	504
124	505
124	506
125	507
125	509
126	510
126	511
127	512
127	513
128	514
128	515
129	516
129	517
130	518
130	519
131	520
131	522
132	523
132	525
133	526
133	527
134	528
134	531
135	532
135	535
136	536
136	537
137	538
137	540
138	541
138	542
139	543
139	544
140	545
140	546
141	547
141	549
142	550
142	551
143	552
143	553
144	554
144	555
145	556
145	557
148	560
148	561
153	566
153	567
156	570
156	571
157	572
157	573
159	575
159	576
161	578
161	579
164	582
164	583
166	585
166	586
168	588
168	589
170	591
170	592
176	598
176	599
177	600
177	602
179	604
179	605
182	608
182	609
189	616
189	617
192	620
193	620
196	623
197	623
198	624
199	624
200	625
201	625
202	626
203	626
205	628
207	628
208	629
209	629
210	630
214	630
215	631
216	631
217	632
218	632
219	633
220	633
222	635
223	635
225	637
226	637
235	646
236	646
238	648
239	648
241	650
242	650
244	652
245	652
249	656
250	656
252	658
253	658
254	659
255	659
256	660
257	660
259	662
260	662
261	663
262	663
263	664
264	664
265	665
266	665
267	666
268	666
269	667
270	667
271	668
272	668
273	669
275	669
276	670
277	670
278	671
279	671
280	672
282	672
283	673
285	673
286	674
288	674
289	675
290	675
291	676
293	676
294	677
298	677
299	678
302	678
303	679
306	679
307	680
309	680
310	681
311	681
312	682
314	682
315	683
318	683
319	684
321	684
322	685
325	685
326	686
329	686
330	687
333	687
334	688
336	688
337	689
341	689
342	690
353	690
354	691
359	691
360	692
364	692
365	693
377	693
378	694
380	694
381	695
384	695
385	696
388	696
389	697
393	697
394	698
397	698
398	699
401	699
402	700
415	700
416	701
425	701
426	702
435	702
436	703
449	703
450	704
467	704
470	707
470	709
471	708
472	708
473	707
475	707
476	706
479	706
480	705
482	705
483	704
485	704
486	703
487	703
488	702
489	702
491	700
492	700
493	699
495	699
496	698
497	698
498	697
500	697
501	696
503	696
504	695
507	695
508	694
511	694
512	693
516	693
517	692
519	692
520	691
521	691
522	690
524	690
525	689
528	689
529	688
531	688
532	687
534	687
535	686
537	686
538	685
541	685
542	684
549	684
550	683
552	683
555	680
556	680
558	678
559	678
560	677
561	677
562	676
563	676
564	675
566	675
567	674
568	674
569	673
570	673
571	672
572	672
574	670
575	670
580	665
580	664
583	661
583	660
600	643
601	643
603	641
604	641
605	640
606	640
607	639
608	639
609	638
610	638
611	637
612	637
613	636
614	636
617	633
618	633
623	628
623	627
627	623
627	622
629	620
629	619
635	613
661	613
663	615
663	634
666	631
666	630
668	628
668	627
669	626
669	625
670	624
670	623
672	621
672	620
675	617
675	616
677	614
677	613
679	611
679	610
681	608
681	607
683	605
683	604
684	603
684	602
686	600
686	599
687	598
687	597
688	596
688	595
689	594
689	593
690	592
690	591
691	590
691	589
692	588
692	586
693	585
693	584
694	583
694	582
695	581
695	579
696	578
696	576
697	575
697	574
698	573
698	572
699	571
699	569
700	568
700	567
701	566
701	564
702	563
702	561
703	560
703	558
704	557
704	555
705	554
705	553
706	552
706	550
707	549
707	547
708	546
708	543
709	542
709	540
710	539
710	538
711	537
711	535
712	534
712	531
713	530
713	526
714	525
714	522
715	521
715	518
716	517
716	507
717	506
717	502
718	501
718	491
719	490
719	481
719	483
718	484
718	492
717	493
717	495
716	496
716	498
713	501
700	501
699	502
675	502
673	500
673	498
672	497
672	496
671	495
671	494
670	493
670	476
669	475
669	471
668	470
668	467
667	466
667	463
666	462
666	460
665	459
665	457
664	456
664	451
663	450
663	446
662	445
662	442
661	441
661	429
660	428
660	425
659	424
659	420
658	419
658	416
657	415
657	410
656	409
656	402
655	401
655	398
654	397
654	394
653	393
653	390
652	389
652	387
651	386
651	383
650	382
650	379
649	378
649	374
648	373
648	368
647	367
647	365
646	364
646	362
645	361
645	360
644	359
644	358
643	357
643	356
642	355
642	354
641	353
641	352
640	351
640	350
639	349
639	348
638	347
638	346
634	342
633	342
632	341
631	341
630	340
629	340
626	337
626	336
625	335
625	334
624	333
624	331
623	330
623	328
622	327
622	324
621	323
621	320
620	319
620	316
619	315
619	313
618	312
618	310
616	308
616	307
614	305
614	304
612	302
612	301
606	295
605	295
601	291
600	291
598	289
597	289
586	278
586	277
577	268
577	267
560	250
559	250
554	245
553	245
550	242
549	242
545	238
544	238
539	233
538	233
534	229
533	229
528	224
527	224
522	219
521	219
518	216
517	216
515	214
514	214
512	212
511	212
509	210
508	210
506	208
505	208
503	206
502	206
501	205
500	205
498	203
497	203
495	201
494	201
492	199
491	199
490	198
489	198
488	197
487	197
486	196
484	196
483	195
482	195
481	194
480	194
479	193
478	193
477	192
475	192
474	191
473	191
472	190
470	190
469	189
468	189
467	188
465	188
464	187
463	187
462	186
459	186
458	185
456	185
455	184
454	184
453	183
451	183
450	182
448	182
447	181
446	181
445	180
443	180
442	179
440	179
439	178
435	178
434	177
431	177
430	176
428	176
427	175
425	175
424	174
420	174
419	173
415	173
414	172
409	172
408	171
405	171
404	170
402	170
401	169
399	169
398	168
394	168
393	167
385	167
384	166
