427	121
426	122
421	122
420	123
417	123
416	124
415	124
412	127
411	127
410	128
403	128
402	129
400	129
399	130
398	130
397	131
396	131
395	132
394	132
393	133
392	133
391	134
360	134
358	132
353	132
352	133
346	133
345	134
341	134
340	135
338	135
337	136
336	136
333	139
332	139
330	141
329	141
328	142
327	142
326	143
325	143
324	144
323	144
322	145
321	145
320	146
319	146
318	147
317	147
314	150
314	158
313	159
300	159
298	161
298	162
297	163
297	164
296	165
296	166
293	169
292	169
291	170
290	170
289	171
288	171
287	172
286	172
284	174
283	174
282	175
281	175
279	177
278	177
277	178
266	178
263	181
263	182
259	186
259	187
256	190
256	191
254	193
254	194
251	197
250	197
248	199
247	199
244	202
243	202
242	203
241	203
240	204
238	204
237	205
236	205
234	207
233	207
230	210
229	210
214	225
214	226
212	228
212	229
209	232
209	233
206	236
206	237
201	242
201	243
198	246
198	247
195	250
195	251
193	253
193	254
192	255
192	256
191	257
191	259
190	260
190	262
189	263
189	265
188	266
188	267
186	269
186	270
184	272
184	273
183	274
183	275
182	276
182	277
181	278
181	279
180	280
180	281
178	283
178	284
176	286
176	287
175	288
175	289
173	291
173	293
172	294
172	295
171	296
171	297
170	298
170	299
169	300
169	301
167	303
167	304
166	305
166	307
164	309
164	310
162	312
162	313
161	314
161	315
159	317
159	318
158	319
158	320
157	321
157	323
156	324
156	326
155	327
155	328
154	329
154	331
153	332
153	334
152	335
152	337
151	338
151	342
150	343
150	347
149	348
149	357
148	358
148	366
147	367
147	375
146	376
146	379
145	380
145	385
144	386
144	390
143	391
143	394
142	395
142	397
141	398
141	400
140	401
140	406
141	407
141	413
142	414
142	417
143	418
143	421
144	422
144	435
145	436
145	440
146	441
146	459
148	461
148	463
149	464
149	466
150	467
150	468
151	469
151	471
152	472
152	474
153	475
153	477
154	478
154	479
155	480
155	481
156	482
156	483
157	484
157	486
158	487
158	490
159	491
159	493
160	494
160	495
161	496
161	497
162	498
162	499
163	500
163	501
164	502
164	503
165	504
165	505
166	506
166	507
167	508
167	509
168	510
168	511
169	512
169	513
170	514
170	515
171	516
171	517
172	518
172	520
173	521
173	522
174	523
174	525
175	526
175	527
177	529
177	530
178	531
178	532
180	534
180	535
182	537
182	538
184	540
184	541
186	543
186	544
188	546
188	547
190	549
190	550
192	552
192	553
194	555
194	556
196	558
196	559
198	561
198	562
205	569
205	570
207	572
207	573
208	574
208	575
210	577
210	578
212	580
212	581
215	584
215	585
221	591
221	592
226	597
226	598
241	613
242	613
244	615
255	615
263	623
264	623
268	627
269	627
272	630
273	630
275	632
276	632
279	635
280	635
281	636
282	636
286	640
286	641
288	643
289	643
291	645
292	645
293	646
294	646
296	648
297	648
300	651
301	651
304	654
305	654
310	659
311	659
312	660
313	660
314	661
316	661
317	662
318	662
321	665
322	665
323	666
326	666
327	667
328	667
331	670
331	671
335	675
336	675
338	677
339	677
340	678
342	678
343	679
344	679
345	680
346	680
347	681
348	681
351	684
352	684
353	685
355	685
356	686
357	686
359	688
360	688
364	692
365	692
367	694
368	694
370	696
371	696
373	698
374	698
375	699
377	699
378	700
383	700
384	701
419	701
420	702
426	702
427	703
429	703
430	704
432	704
433	705
437	705
438	706
444	706
445	705
447	705
448	704
458	704
459	703
460	703
461	702
462	702
463	701
464	701
465	700
467	700
468	699
470	699
471	698
472	698
473	697
475	697
476	696
479	696
480	695
481	695
482	694
483	694
484	693
485	693
486	692
487	692
491	688
493	688
494	687
505	687
506	686
507	686
509	684
510	684
511	683
512	683
513	682
516	682
518	680
519	680
519	679
526	672
527	672
528	671
533	671
534	670
536	670
537	669
539	669
540	668
542	668
543	667
545	667
546	666
548	666
549	665
551	665
552	664
557	664
558	663
560	663
561	662
562	662
563	661
564	661
567	658
568	658
570	656
571	656
574	653
575	653
579	649
580	649
582	647
583	647
586	644
587	644
590	641
591	641
593	639
594	639
595	638
596	638
597	637
598	637
602	633
602	632
606	628
606	627
607	626
607	625
608	624
608	623
609	622
609	621
610	620
610	619
613	616
613	615
620	608
620	607
621	606
621	605
623	603
623	602
629	596
629	595
630	594
630	593
631	592
631	591
633	589
633	588
635	586
635	585
637	583
637	582
639	580
639	579
642	576
642	575
643	574
643	573
644	572
644	570
645	569
645	568
646	567
646	566
648	564
648	563
649	562
649	560
650	559
650	556
651	555
651	553
652	552
652	548
653	547
653	544
654	543
654	542
655	541
655	539
656	538
656	536
657	535
657	533
658	532
658	531
659	530
659	528
660	527
660	524
661	523
661	521
662	520
662	518
663	517
663	515
664	514
664	513
665	512
665	510
666	509
666	507
667	506
667	505
668	504
668	501
669	500
669	490
670	489
669	488
669	486
668	485
668	483
667	482
667	480
666	479
666	465
665	464
665	459
664	458
664	454
663	453
663	450
662	449
662	448
660	446
660	445
657	442
657	440
656	439
656	405
657	404
657	402
658	401
658	400
659	399
659	385
660	384
659	383
659	374
658	373
658	370
657	369
657	368
656	367
656	366
655	365
655	362
654	361
654	358
653	357
653	341
652	340
652	334
651	333
651	312
648	309
648	308
646	306
646	305
645	304
645	302
644	301
644	300
643	299
643	297
642	296
642	295
641	294
641	292
640	291
640	289
639	288
639	286
638	285
638	284
637	283
637	281
636	280
636	279
635	278
635	277
634	276
634	275
632	273
632	272
631	271
631	270
630	269
630	268
629	267
629	266
628	265
628	264
627	263
627	262
625	260
625	259
624	258
624	257
623	256
623	255
621	253
621	252
619	250
619	249
618	248
618	247
615	244
615	243
613	241
613	240
611	238
611	237
608	234
608	233
605	230
605	229
602	226
602	225
598	221
598	220
595	217
595	216
592	213
592	212
585	205
585	204
581	200
581	199
564	182
563	182
559	178
558	178
556	176
555	176
553	174
552	174
550	172
549	172
546	169
545	169
543	167
542	167
540	165
539	165
536	162
535	162
530	157
529	157
526	154
525	154
522	151
521	151
520	150
519	150
518	149
517	149
516	148
514	148
513	147
512	147
511	146
509	146
508	145
506	145
505	144
502	144
501	143
498	143
497	142
494	142
493	141
491	141
490	140
488	140
487	139
484	139
483	138
477	138
476	137
475	137
474	136
472	136
471	135
469	135
468	134
462	134
461	133
458	133
457	132
456	132
455	131
454	131
451	128
450	128
448	126
447	126
446	125
445	125
443	123
442	123
441	122
440	122
439	121
427	121
426	122
421	122
420	123
417	123
416	124
415	124
412	127
411	127
410	128
403	128
402	129
400	129
399	130
398	130
397	131
396	131
395	132
394	132
393	133
392	133
391	134
360	134
358	132
353	132
352	133
346	133
345	134
341	134
340	135
338	135
337	136
336	136
333	139
332	139
330	141
329	141
328	142
327	142
326	143
325	143
324	144
323	144
322	145
321	145
320	146
319	146
318	147
317	147
314	150
314	158
313	159
300	159
298	161
298	162
297	163
297	164
296	165
296	166
293	169
292	169
291	170
290	170
289	171
288	171
287	172
286	172
284	174
283	174
282	175
281	175
279	177
278	177
277	178
266	178
263	181
263	182
259	186
259	187
256	190
256	191
254	193
254	194
251	197
250	197
248	199
247	199
244	202
243	202
242	203
241	203
240	204
238	204
237	205
236	205
234	207
233	207
230	210
229	210
214	225
214	226
212	228
212	229
209	232
209	233
206	236
206	237
201	242
201	243
198	246
198	247
195	250
195	251
193	253
193	254
192	255
192	256
191	257
191	259
190	260
190	262
189	263
189	265
188	266
188	267
186	269
186	270
184	272
184	273
183	274
183	275
182	276
182	277
181	278
181	279
180	280
180	281
178	283
178	284
176	286
176	287
175	288
175	289
173	291
173	293
172	294
172	295
171	296
171	297
170	298
170	299
169	300
169	301
167	303
167	304
166	305
166	307
164	309
164	310
162	312
162	313
161	314
161	315
159	317
159	318
158	319
158	320
157	321
157	323
156	324
156	326
155	327
155	328
154	329
154	331
153	332
153	334
152	335
152	337
151	338
151	342
150	343
150	347
149	348
149	357
148	358
148	366
147	367
147	375
146	376
146	379
145	380
145	385
144	386
144	390
143	391
143	394
142	395
142	397
141	398
141	400
140	401
140	406
141	407
141	413
142	414
142	417
143	418
143	421
144	422
144	435
145	436
145	440
146	441
146	459
148	461
148	463
149	464
149	466
150	467
150	468
151	469
151	471
152	472
152	474
153	475
153	477
154	478
154	479
155	480
155	481
156	482
156	483
157	484
157	486
158	487
158	490
159	491
159	493
160	494
160	495
161	496
161	497
162	498
162	499
163	500
163	501
164	502
164	503
165	504
165	505
166	506
166	507
167	508
167	509
168	510
168	511
169	512
169	513
170	514
170	515
171	516
171	517
172	518
172	520
173	521
173	522
174	523
174	525
175	526
175	527
177	529
177	530
178	531
178	532
180	534
180	535
182	537
182	538
184	540
184	541
186	543
186	544
188	546
188	547
190	549
190	550
192	552
192	553
194	555
194	556
196	558
196	559
198	561
198	562
205	569
205	570
207	572
207	573
208	574
208	575
210	577
210	578
212	580
212	581
215	584
215	585
221	591
221	592
226	597
226	598
241	613
242	613
244	615
255	615
263	623
264	623
268	627
269	627
272	630
273	630
275	632
276	632
279	635
280	635
281	636
282	636
286	640
286	641
288	643
289	643
291	645
292	645
293	646
294	646
296	648
297	648
300	651
301	651
304	654
305	654
310	659
311	659
312	660
313	660
314	661
316	661
317	662
318	662
321	665
322	665
323	666
326	666
327	667
328	667
331	670
331	671
335	675
336	675
338	677
339	677
340	678
342	678
343	679
344	679
345	680
346	680
347	681
348	681
351	684
352	684
353	685
355	685
356	686
357	686
359	688
360	688
364	692
365	692
367	694
368	694
370	696
371	696
373	698
374	698
375	699
377	699
378	700
383	700
384	701
419	701
420	702
426	702
427	703
429	703
430	704
432	704
433	705
437	705
438	706
444	706
445	705
447	705
448	704
458	704
459	703
460	703
461	702
462	702
463	701
464	701
465	700
467	700
468	699
470	699
471	698
472	698
473	697
475	697
476	696
479	696
480	695
481	695
482	694
483	694
484	693
485	693
486	692
487	692
491	688
493	688
494	687
505	687
506	686
507	686
509	684
510	684
511	683
512	683
513	682
516	682
518	680
519	680
519	679
526	672
527	672
528	671
533	671
534	670
536	670
537	669
539	669
540	668
542	668
543	667
545	667
546	666
548	666
549	665
551	665
552	664
557	664
558	663
560	663
561	662
562	662
563	661
564	661
567	658
568	658
570	656
571	656
574	653
575	653
579	649
580	649
582	647
583	647
586	644
587	644
590	641
591	641
593	639
594	639
595	638
596	638
597	637
598	637
602	633
602	632
606	628
606	627
607	626
607	625
608	624
608	623
609	622
609	621
610	620
610	619
613	616
613	615
620	608
620	607
621	606
621	605
623	603
623	602
629	596
629	595
630	594
630	593
631	592
631	591
633	589
633	588
635	586
635	585
637	583
637	582
639	580
639	579
642	576
642	575
643	574
643	573
644	572
644	570
645	569
645	568
646	567
646	566
648	564
648	563
649	562
649	560
650	559
650	556
651	555
651	553
652	552
652	548
653	547
653	544
654	543
654	542
655	541
655	539
656	538
656	536
657	535
657	533
658	532
658	531
659	530
659	528
660	527
660	524
661	523
661	521
662	520
662	518
663	517
663	515
664	514
664	513
665	512
665	510
666	509
666	507
667	506
667	505
668	504
668	501
669	500
669	490
670	489
669	488
669	486
668	485
668	483
667	482
667	480
666	479
666	465
665	464
665	459
664	458
664	454
663	453
663	450
662	449
662	448
660	446
660	445
657	442
657	440
656	439
656	405
657	404
657	402
658	401
658	400
659	399
659	385
660	384
659	383
659	374
658	373
658	370
657	369
657	368
656	367
656	366
655	365
655	362
654	361
654	358
653	357
653	341
652	340
652	334
651	333
651	312
648	309
648	308
646	306
646	305
645	304
645	302
644	301
644	300
643	299
643	297
642	296
642	295
641	294
641	292
640	291
640	289
639	288
639	286
638	285
638	284
637	283
637	281
636	280
636	279
635	278
635	277
634	276
634	275
632	273
632	272
631	271
631	270
630	269
630	268
629	267
629	266
628	265
628	264
627	263
627	262
625	260
625	259
624	258
624	257
623	256
623	255
621	253
621	252
619	250
619	249
618	248
618	247
615	244
615	243
613	241
613	240
611	238
611	237
608	234
608	233
605	230
605	229
602	226
602	225
598	221
598	220
595	217
595	216
592	213
592	212
585	205
585	204
581	200
581	199
564	182
563	182
559	178
558	178
556	176
555	176
553	174
552	174
550	172
549	172
546	169
545	169
543	167
542	167
540	165
539	165
536	162
535	162
530	157
529	157
526	154
525	154
522	151
521	151
520	150
519	150
518	149
517	149
516	148
514	148
513	147
512	147
511	146
509	146
508	145
506	145
505	144
502	144
501	143
498	143
497	142
494	142
493	141
491	141
490	140
488	140
487	139
484	139
483	138
477	138
476	137
475	137
474	136
472	136
471	135
469	135
468	134
462	134
461	133
458	133
457	132
456	132
455	131
454	131
451	128
450	128
448	126
447	126
446	125
445	125
443	123
442	123
441	122
440	122
439	121
