278	43
279	44
276	47
275	47
274	48
271	48
270	49
269	48
267	48
266	47
265	47
264	46
259	46
258	45
255	45
254	44
245	44
244	45
243	45
242	46
240	46
238	48
236	48
235	49
230	49
229	48
227	48
228	49
224	53
223	53
223	54
221	56
220	56
219	57
218	57
216	59
215	59
214	60
213	60
212	61
210	61
209	62
208	62
205	65
204	65
203	66
203	67
201	69
201	70
200	71
198	71
197	72
195	72
193	70
192	70
191	71
191	72
184	79
183	79
183	80
184	80
184	79
186	77
187	77
190	74
192	74
192	73
194	71
196	73
193	76
192	76
188	80
188	81
187	82
187	83
186	84
185	84
185	85
183	87
182	87
178	91
178	92
175	95
175	99
174	100
174	104
173	105
173	107
172	108
172	109
170	111
170	114
168	116
167	115
167	113
168	112
168	109
170	107
170	105
171	104
171	101
172	100
172	97
173	96
173	94
174	93
174	92
179	87
179	86
181	84
180	84
176	88
176	89
175	90
174	90
173	91
173	92
171	94
171	95
170	96
170	97
169	98
169	103
168	104
168	106
167	107
167	111
166	112
166	114
165	115
165	116
164	117
164	119
163	120
163	132
162	133
161	132
160	132
157	129
155	129
154	128
152	128
151	127
149	127
148	126
147	126
146	125
145	125
144	124
141	124
140	123
139	123
138	122
136	122
135	121
122	121
121	120
117	120
116	119
110	119
109	120
100	120
99	121
84	121
83	122
79	122
78	123
76	123
75	124
73	124
70	127
69	127
67	129
65	129
62	132
61	132
60	133
59	133
50	142
50	143
49	144
49	145
45	149
45	150
43	152
42	152
40	154
40	155
41	154
42	155
42	156
41	157
41	158
40	159
39	158
38	158
38	159
39	160
39	162
37	164
37	166
36	167
36	168
35	169
34	169
33	170
33	172
31	174
31	176
32	177
32	178
31	179
31	181
32	182
32	183
31	184
29	184
28	185
27	185
28	186
30	186
31	187
31	191
30	192
29	191
29	190
28	190
28	194
29	195
28	196
27	196
26	197
26	199
25	200
25	202
26	203
26	209
25	210
25	215
24	216
24	218
22	220
22	224
23	225
23	227
22	228
22	240
23	241
23	242
24	243
24	251
25	252
25	254
24	255
27	258
27	260
28	261
28	264
29	265
29	268
30	269
30	271
29	272
30	273
30	274
31	274
32	275
32	276
33	277
33	279
35	281
35	282
36	283
36	285
38	287
38	289
37	290
38	291
38	292
39	293
39	294
40	295
40	296
39	297
36	294
36	293
34	291
34	290
33	289
33	288
32	287
32	285
31	284
31	281
28	278
28	275
27	274
27	272
26	271
26	270
25	269
25	268
24	267
24	263
25	262
25	261
25	262
24	263
23	262
23	261
22	260
22	257
21	256
21	255
20	254
20	251
19	250
19	248
19	252
20	253
20	256
21	257
21	262
24	265
24	270
25	271
25	273
27	275
27	276
28	277
28	279
30	281
30	284
31	285
31	287
32	288
32	290
33	291
33	292
35	294
35	295
39	299
39	300
40	301
40	302
44	306
44	307
46	309
46	310
49	313
49	314
52	317
52	318
57	323
57	324
66	333
67	333
69	335
70	335
74	339
75	339
78	342
80	342
81	343
81	344
82	345
83	345
85	347
86	347
87	348
89	348
90	349
91	349
92	350
93	350
94	351
96	351
97	352
98	352
100	354
101	354
102	355
104	355
105	356
110	356
111	357
111	358
112	358
113	359
113	360
117	360
118	361
120	361
121	362
127	362
128	363
130	363
131	364
136	364
136	363
135	362
131	362
130	361
128	361
127	360
123	360
122	359
118	359
117	358
115	358
114	357
113	357
112	356
113	355
115	355
116	356
118	356
119	357
124	357
125	358
128	358
129	359
133	359
134	360
143	360
144	359
151	359
152	358
155	358
156	357
159	357
160	356
163	356
164	355
166	355
167	354
169	354
170	353
171	353
172	352
175	352
176	353
174	355
173	355
172	356
169	356
168	357
167	357
166	358
164	358
163	359
161	359
160	360
164	360
165	359
167	359
168	358
169	358
170	357
172	357
175	354
180	354
181	355
182	355
182	354
181	354
180	353
176	353
175	352
177	350
179	350
182	347
183	348
187	344
188	344
189	343
190	343
191	342
193	342
192	341
192	339
193	338
194	338
196	336
197	336
201	332
202	332
202	331
207	326
208	326
209	325
210	325
211	326
211	327
209	329
208	329
208	330
209	330
210	329
212	329
212	326
210	324
212	322
213	322
213	321
214	320
215	321
215	320
216	319
217	320
217	324
218	325
218	330
219	331
219	334
220	335
220	336
225	341
224	342
225	342
227	344
228	344
231	347
232	347
233	348
240	348
241	349
243	349
244	350
250	350
252	348
259	348
261	346
263	346
265	344
267	344
268	343
270	343
271	342
272	342
272	341
273	340
275	340
276	341
276	343
276	338
278	336
279	337
280	337
280	333
281	332
281	330
282	329
282	328
281	329
281	330
280	331
279	330
279	325
278	324
278	319
279	318
279	312
278	311
278	310
279	309
279	302
278	303
275	300
275	297
276	296
277	296
275	294
275	287
276	286
278	288
277	289
277	290
278	291
281	291
282	292
287	292
288	293
292	293
293	292
294	292
295	293
309	293
310	294
313	294
315	292
316	292
314	292
312	294
311	293
311	291
310	292
307	292
306	291
287	291
286	290
281	290
280	289
279	289
278	288
280	286
281	286
282	287
283	287
284	288
297	288
298	287
300	287
301	288
310	288
311	287
316	287
316	286
318	284
319	285
321	285
322	286
321	287
320	287
320	288
319	289
320	288
326	288
327	287
331	287
332	286
333	286
334	285
335	285
337	283
338	283
338	281
339	280
342	280
344	278
346	278
348	276
349	276
350	275
351	275
355	271
357	271
358	270
358	267
356	269
355	269
353	271
351	271
350	272
348	270
348	269
349	268
352	268
353	267
354	267
355	266
355	265
358	262
360	262
359	261
361	259
362	260
362	259
365	256
365	255
366	254
367	254
368	255
368	257
367	258
367	260
365	262
365	263
366	262
367	262
368	261
368	260
369	259
370	259
371	258
371	256
373	254
374	254
374	252
377	249
377	248
379	246
379	245
380	244
380	240
381	239
382	239
383	240
383	238
384	237
384	229
383	229
383	236
382	237
382	238
380	240
380	241
378	243
377	243
376	242
376	238
377	237
377	234
378	233
378	228
376	226
376	219
377	218
377	216
378	215
378	212
379	211
379	190
380	189
380	179
379	178
379	174
378	173
378	170
377	169
377	163
376	162
376	160
375	159
375	157
374	156
374	154
372	152
372	151
371	150
371	145
370	144
370	141
369	140
369	137
367	135
367	133
366	132
366	131
365	130
365	129
364	128
364	127
363	126
363	124
362	123
362	122
361	121
361	120
359	118
359	117
357	115
357	114
356	113
356	112
352	108
352	107
351	106
351	104
348	101
348	100
347	99
347	98
346	98
345	97
345	96
342	93
342	92
339	89
339	88
335	84
335	83
334	82
333	82
331	80
331	79
330	79
317	66
316	66
314	64
314	63
313	62
314	61
315	61
316	62
318	62
319	63
319	64
325	70
326	70
328	72
329	72
341	84
342	84
343	85
343	87
344	88
345	88
349	92
349	93
351	95
351	96
352	97
352	98
353	98
353	97
352	96
352	95
351	94
351	93
350	93
349	92
349	91
347	89
347	88
346	87
345	87
344	86
344	85
340	81
340	80
339	80
336	77
336	76
335	75
334	75
333	74
332	74
331	73
331	72
330	71
329	71
327	69
326	69
325	68
324	68
323	67
323	65
322	64
321	64
320	63
320	62
319	61
317	61
315	59
314	59
311	56
308	56
309	56
310	57
311	57
312	58
312	60
313	60
314	61
313	62
311	62
310	61
309	61
306	58
305	58
304	57
303	57
302	56
301	56
300	55
299	55
298	54
297	54
294	51
294	50
293	50
291	48
290	48
289	47
288	47
287	46
286	46
285	45
284	45
283	44
281	44
280	43
278	43
279	44
276	47
275	47
274	48
271	48
270	49
269	48
267	48
266	47
265	47
264	46
259	46
258	45
255	45
254	44
245	44
244	45
243	45
242	46
240	46
238	48
236	48
235	49
230	49
229	48
227	48
228	49
224	53
223	53
223	54
221	56
220	56
219	57
218	57
216	59
215	59
214	60
213	60
212	61
210	61
209	62
208	62
205	65
204	65
203	66
203	67
201	69
201	70
200	71
198	71
197	72
195	72
193	70
192	70
191	71
191	72
184	79
183	79
183	80
184	80
184	79
186	77
187	77
190	74
192	74
192	73
194	71
196	73
193	76
192	76
188	80
188	81
187	82
187	83
186	84
185	84
185	85
183	87
182	87
178	91
178	92
175	95
175	99
174	100
174	104
173	105
173	107
172	108
172	109
170	111
170	114
168	116
167	115
167	113
168	112
168	109
170	107
170	105
171	104
171	101
172	100
172	97
173	96
173	94
174	93
174	92
179	87
179	86
181	84
180	84
176	88
176	89
175	90
174	90
173	91
173	92
171	94
171	95
170	96
170	97
169	98
169	103
168	104
168	106
167	107
167	111
166	112
166	114
165	115
165	116
164	117
164	119
163	120
163	132
162	133
161	132
160	132
157	129
155	129
154	128
152	128
151	127
149	127
148	126
147	126
146	125
145	125
144	124
141	124
140	123
139	123
138	122
136	122
135	121
122	121
121	120
117	120
116	119
110	119
109	120
100	120
99	121
84	121
83	122
79	122
78	123
76	123
75	124
73	124
70	127
69	127
67	129
65	129
62	132
61	132
60	133
59	133
50	142
50	143
49	144
49	145
45	149
45	150
43	152
42	152
40	154
40	155
41	154
42	155
42	156
41	157
41	158
40	159
39	158
38	158
38	159
39	160
39	162
37	164
37	166
36	167
36	168
35	169
34	169
33	170
33	172
31	174
31	176
32	177
32	178
31	179
31	181
32	182
32	183
31	184
29	184
28	185
27	185
28	186
30	186
31	187
31	191
30	192
29	191
29	190
28	190
28	194
29	195
28	196
27	196
26	197
26	199
25	200
25	202
26	203
26	209
25	210
25	215
24	216
24	218
22	220
22	224
23	225
23	227
22	228
22	240
23	241
23	242
24	243
24	251
25	252
25	254
24	255
27	258
27	260
28	261
28	264
29	265
29	268
30	269
30	271
29	272
30	273
30	274
31	274
32	275
32	276
33	277
33	279
35	281
35	282
36	283
36	285
38	287
38	289
37	290
38	291
38	292
39	293
39	294
40	295
40	296
39	297
36	294
36	293
34	291
34	290
33	289
33	288
32	287
32	285
31	284
31	281
28	278
28	275
27	274
27	272
26	271
26	270
25	269
25	268
24	267
24	263
25	262
25	261
25	262
24	263
23	262
23	261
22	260
22	257
21	256
21	255
20	254
20	251
19	250
19	248
19	252
20	253
20	256
21	257
21	262
24	265
24	270
25	271
25	273
27	275
27	276
28	277
28	279
30	281
30	284
31	285
31	287
32	288
32	290
33	291
33	292
35	294
35	295
39	299
39	300
40	301
40	302
44	306
44	307
46	309
46	310
49	313
49	314
52	317
52	318
57	323
57	324
66	333
67	333
69	335
70	335
74	339
75	339
78	342
80	342
81	343
81	344
82	345
83	345
85	347
86	347
87	348
89	348
90	349
91	349
92	350
93	350
94	351
96	351
97	352
98	352
100	354
101	354
102	355
104	355
105	356
110	356
111	357
111	358
112	358
113	359
113	360
117	360
118	361
120	361
121	362
127	362
128	363
130	363
131	364
136	364
136	363
135	362
131	362
130	361
128	361
127	360
123	360
122	359
118	359
117	358
115	358
114	357
113	357
112	356
113	355
115	355
116	356
118	356
119	357
124	357
125	358
128	358
129	359
133	359
134	360
143	360
144	359
151	359
152	358
155	358
156	357
159	357
160	356
163	356
164	355
166	355
167	354
169	354
170	353
171	353
172	352
175	352
176	353
174	355
173	355
172	356
169	356
168	357
167	357
166	358
164	358
163	359
161	359
160	360
164	360
165	359
167	359
168	358
169	358
170	357
172	357
175	354
180	354
181	355
182	355
182	354
181	354
180	353
176	353
175	352
177	350
179	350
182	347
183	348
187	344
188	344
189	343
190	343
191	342
193	342
192	341
192	339
193	338
194	338
196	336
197	336
201	332
202	332
202	331
207	326
208	326
209	325
210	325
211	326
211	327
209	329
208	329
208	330
209	330
210	329
212	329
212	326
210	324
212	322
213	322
213	321
214	320
215	321
215	320
216	319
217	320
217	324
218	325
218	330
219	331
219	334
220	335
220	336
225	341
224	342
225	342
227	344
228	344
231	347
232	347
233	348
240	348
241	349
243	349
244	350
250	350
252	348
259	348
261	346
263	346
265	344
267	344
268	343
270	343
271	342
272	342
272	341
273	340
275	340
276	341
276	343
276	338
278	336
279	337
280	337
280	333
281	332
281	330
282	329
282	328
281	329
281	330
280	331
279	330
279	325
278	324
278	319
279	318
279	312
278	311
278	310
279	309
279	302
278	303
275	300
275	297
276	296
277	296
275	294
275	287
276	286
278	288
277	289
277	290
278	291
281	291
282	292
287	292
288	293
292	293
293	292
294	292
295	293
309	293
310	294
313	294
315	292
316	292
314	292
312	294
311	293
311	291
310	292
307	292
306	291
287	291
286	290
281	290
280	289
279	289
278	288
280	286
281	286
282	287
283	287
284	288
297	288
298	287
300	287
301	288
310	288
311	287
316	287
316	286
318	284
319	285
321	285
322	286
321	287
320	287
320	288
319	289
320	288
326	288
327	287
331	287
332	286
333	286
334	285
335	285
337	283
338	283
338	281
339	280
342	280
344	278
346	278
348	276
349	276
350	275
351	275
355	271
357	271
358	270
358	267
356	269
355	269
353	271
351	271
350	272
348	270
348	269
349	268
352	268
353	267
354	267
355	266
355	265
358	262
360	262
359	261
361	259
362	260
362	259
365	256
365	255
366	254
367	254
368	255
368	257
367	258
367	260
365	262
365	263
366	262
367	262
368	261
368	260
369	259
370	259
371	258
371	256
373	254
374	254
374	252
377	249
377	248
379	246
379	245
380	244
380	240
381	239
382	239
383	240
383	238
384	237
384	229
383	229
383	236
382	237
382	238
380	240
380	241
378	243
377	243
376	242
376	238
377	237
377	234
378	233
378	228
376	226
376	219
377	218
377	216
378	215
378	212
379	211
379	190
380	189
380	179
379	178
379	174
378	173
378	170
377	169
377	163
376	162
376	160
375	159
375	157
374	156
374	154
372	152
372	151
371	150
371	145
370	144
370	141
369	140
369	137
367	135
367	133
366	132
366	131
365	130
365	129
364	128
364	127
363	126
363	124
362	123
362	122
361	121
361	120
359	118
359	117
357	115
357	114
356	113
356	112
352	108
352	107
351	106
351	104
348	101
348	100
347	99
347	98
346	98
345	97
345	96
342	93
342	92
339	89
339	88
335	84
335	83
334	82
333	82
331	80
331	79
330	79
317	66
316	66
314	64
314	63
313	62
314	61
315	61
316	62
318	62
319	63
319	64
325	70
326	70
328	72
329	72
341	84
342	84
343	85
343	87
344	88
345	88
349	92
349	93
351	95
351	96
352	97
352	98
353	98
353	97
352	96
352	95
351	94
351	93
350	93
349	92
349	91
347	89
347	88
346	87
345	87
344	86
344	85
340	81
340	80
339	80
336	77
336	76
335	75
334	75
333	74
332	74
331	73
331	72
330	71
329	71
327	69
326	69
325	68
324	68
323	67
323	65
322	64
321	64
320	63
320	62
319	61
317	61
315	59
314	59
311	56
308	56
309	56
310	57
311	57
312	58
312	60
313	60
314	61
313	62
311	62
310	61
309	61
306	58
305	58
304	57
303	57
302	56
301	56
300	55
299	55
298	54
297	54
294	51
294	50
293	50
291	48
290	48
289	47
288	47
287	46
286	46
285	45
284	45
283	44
281	44
280	43
278	43
279	44
276	47
275	47
274	48
271	48
270	49
269	48
267	48
266	47
265	47
264	46
259	46
258	45
255	45
254	44
245	44
244	45
243	45
242	46
240	46
238	48
236	48
235	49
230	49
229	48
227	48
228	49
224	53
223	53
223	54
221	56
220	56
219	57
218	57
216	59
215	59
214	60
213	60
212	61
210	61
209	62
208	62
205	65
204	65
203	66
203	67
201	69
201	70
200	71
198	71
197	72
195	72
193	70
192	70
191	71
191	72
184	79
183	79
183	80
184	80
184	79
186	77
187	77
190	74
192	74
192	73
194	71
196	73
193	76
192	76
188	80
188	81
187	82
187	83
186	84
185	84
185	85
183	87
182	87
178	91
178	92
175	95
175	99
174	100
174	104
173	105
173	107
172	108
172	109
170	111
170	114
168	116
167	115
167	113
168	112
168	109
170	107
170	105
171	104
171	101
172	100
172	97
173	96
173	94
174	93
174	92
179	87
179	86
181	84
180	84
176	88
176	89
175	90
174	90
173	91
173	92
171	94
171	95
170	96
170	97
169	98
169	103
168	104
168	106
167	107
167	111
166	112
166	114
165	115
165	116
164	117
164	119
163	120
163	132
162	133
161	132
160	132
157	129
155	129
154	128
152	128
151	127
149	127
148	126
147	126
146	125
145	125
144	124
141	124
140	123
139	123
138	122
136	122
135	121
122	121
121	120
117	120
116	119
110	119
109	120
100	120
99	121
84	121
83	122
79	122
78	123
76	123
75	124
73	124
70	127
69	127
67	129
65	129
62	132
61	132
60	133
59	133
50	142
50	143
49	144
49	145
45	149
45	150
43	152
42	152
40	154
40	155
41	154
42	155
42	156
41	157
41	158
40	159
39	158
38	158
38	159
39	160
39	162
37	164
37	166
36	167
36	168
35	169
34	169
33	170
33	172
31	174
31	176
32	177
32	178
31	179
31	181
32	182
32	183
31	184
29	184
28	185
27	185
28	186
30	186
31	187
31	191
30	192
29	191
29	190
28	190
28	194
29	195
28	196
27	196
26	197
26	199
25	200
25	202
26	203
26	209
25	210
25	215
24	216
24	218
22	220
22	224
23	225
23	227
22	228
22	240
23	241
23	242
24	243
24	251
25	252
25	254
24	255
27	258
27	260
28	261
28	264
29	265
29	268
30	269
30	271
29	272
30	273
30	274
31	274
32	275
32	276
33	277
33	279
35	281
35	282
36	283
36	285
38	287
38	289
37	290
38	291
38	292
39	293
39	294
40	295
40	296
39	297
36	294
36	293
34	291
34	290
33	289
33	288
32	287
32	285
31	284
31	281
28	278
28	275
27	274
27	272
26	271
26	270
25	269
25	268
24	267
24	263
25	262
25	261
25	262
24	263
23	262
23	261
22	260
22	257
21	256
21	255
20	254
20	251
19	250
19	248
19	252
20	253
20	256
21	257
21	262
24	265
24	270
25	271
25	273
27	275
27	276
28	277
28	279
30	281
30	284
31	285
31	287
32	288
32	290
33	291
33	292
35	294
35	295
39	299
39	300
40	301
40	302
44	306
44	307
46	309
46	310
49	313
49	314
52	317
52	318
57	323
57	324
66	333
67	333
69	335
70	335
74	339
75	339
78	342
80	342
81	343
81	344
82	345
83	345
85	347
86	347
87	348
89	348
90	349
91	349
92	350
93	350
94	351
96	351
97	352
98	352
100	354
101	354
102	355
104	355
105	356
110	356
111	357
111	358
112	358
113	359
113	360
117	360
118	361
120	361
121	362
127	362
128	363
130	363
131	364
136	364
136	363
135	362
131	362
130	361
128	361
127	360
123	360
122	359
118	359
117	358
115	358
114	357
113	357
112	356
113	355
115	355
116	356
118	356
119	357
124	357
125	358
128	358
129	359
133	359
134	360
143	360
144	359
151	359
152	358
155	358
156	357
159	357
160	356
163	356
164	355
166	355
167	354
169	354
170	353
171	353
172	352
175	352
176	353
174	355
173	355
172	356
169	356
168	357
167	357
166	358
164	358
163	359
161	359
160	360
164	360
165	359
167	359
168	358
169	358
170	357
172	357
175	354
180	354
181	355
182	355
182	354
181	354
180	353
176	353
175	352
177	350
179	350
182	347
183	348
187	344
188	344
189	343
190	343
191	342
193	342
192	341
192	339
193	338
194	338
196	336
197	336
201	332
202	332
202	331
207	326
208	326
209	325
210	325
211	326
211	327
209	329
208	329
208	330
209	330
210	329
212	329
212	326
210	324
212	322
213	322
213	321
214	320
215	321
215	320
216	319
217	320
217	324
218	325
218	330
219	331
219	334
220	335
220	336
225	341
224	342
225	342
227	344
228	344
231	347
232	347
233	348
240	348
241	349
243	349
244	350
250	350
252	348
259	348
261	346
263	346
265	344
267	344
268	343
270	343
271	342
272	342
272	341
273	340
275	340
276	341
276	343
276	338
278	336
279	337
280	337
280	333
281	332
281	330
282	329
282	328
281	329
281	330
280	331
279	330
279	325
278	324
278	319
279	318
279	312
278	311
278	310
279	309
279	302
278	303
275	300
275	297
276	296
277	296
275	294
275	287
276	286
278	288
277	289
277	290
278	291
281	291
282	292
287	292
288	293
292	293
293	292
294	292
295	293
309	293
310	294
313	294
315	292
316	292
314	292
312	294
311	293
311	291
310	292
307	292
306	291
287	291
286	290
281	290
280	289
279	289
278	288
280	286
281	286
282	287
283	287
284	288
297	288
298	287
300	287
301	288
310	288
311	287
316	287
316	286
318	284
319	285
321	285
322	286
321	287
320	287
320	288
319	289
320	288
326	288
327	287
331	287
332	286
333	286
334	285
335	285
337	283
338	283
338	281
339	280
342	280
344	278
346	278
348	276
349	276
350	275
351	275
355	271
357	271
358	270
358	267
356	269
355	269
353	271
351	271
350	272
348	270
348	269
349	268
352	268
353	267
354	267
355	266
355	265
358	262
360	262
359	261
361	259
362	260
362	259
365	256
365	255
366	254
367	254
368	255
368	257
367	258
367	260
365	262
365	263
366	262
367	262
368	261
368	260
369	259
370	259
371	258
371	256
373	254
374	254
374	252
377	249
377	248
379	246
379	245
380	244
380	240
381	239
382	239
383	240
383	238
384	237
384	229
383	229
383	236
382	237
382	238
380	240
380	241
378	243
377	243
376	242
376	238
377	237
377	234
378	233
378	228
376	226
376	219
377	218
377	216
378	215
378	212
379	211
379	190
380	189
380	179
379	178
379	174
378	173
378	170
377	169
377	163
376	162
376	160
375	159
375	157
374	156
374	154
372	152
372	151
371	150
371	145
370	144
370	141
369	140
369	137
367	135
367	133
366	132
366	131
365	130
365	129
364	128
364	127
363	126
363	124
362	123
362	122
361	121
361	120
359	118
359	117
357	115
357	114
356	113
356	112
352	108
352	107
351	106
351	104
348	101
348	100
347	99
347	98
346	98
345	97
345	96
342	93
342	92
339	89
339	88
335	84
335	83
334	82
333	82
331	80
331	79
330	79
317	66
316	66
314	64
314	63
313	62
314	61
315	61
316	62
318	62
319	63
319	64
325	70
326	70
328	72
329	72
341	84
342	84
343	85
343	87
344	88
345	88
349	92
349	93
351	95
351	96
352	97
352	98
353	98
353	97
352	96
352	95
351	94
351	93
350	93
349	92
349	91
347	89
347	88
346	87
345	87
344	86
344	85
340	81
340	80
339	80
336	77
336	76
335	75
334	75
333	74
332	74
331	73
331	72
330	71
329	71
327	69
326	69
325	68
324	68
323	67
323	65
322	64
321	64
320	63
320	62
319	61
317	61
315	59
314	59
311	56
308	56
309	56
310	57
311	57
312	58
312	60
313	60
314	61
313	62
311	62
310	61
309	61
306	58
305	58
304	57
303	57
302	56
301	56
300	55
299	55
298	54
297	54
294	51
294	50
293	50
291	48
290	48
289	47
288	47
287	46
286	46
285	45
284	45
283	44
281	44
280	43
278	43
279	44
276	47
275	47
274	48
271	48
270	49
269	48
267	48
266	47
265	47
264	46
259	46
258	45
255	45
254	44
245	44
244	45
243	45
242	46
240	46
238	48
236	48
235	49
230	49
229	48
227	48
228	49
224	53
223	53
223	54
221	56
220	56
219	57
218	57
216	59
215	59
214	60
213	60
212	61
210	61
209	62
208	62
205	65
204	65
203	66
203	67
201	69
201	70
200	71
198	71
197	72
195	72
193	70
192	70
191	71
191	72
184	79
183	79
183	80
184	80
184	79
186	77
187	77
190	74
192	74
192	73
194	71
196	73
193	76
192	76
188	80
188	81
187	82
187	83
186	84
185	84
185	85
183	87
182	87
178	91
178	92
175	95
175	99
174	100
174	104
173	105
173	107
172	108
172	109
170	111
170	114
168	116
167	115
167	113
168	112
168	109
170	107
170	105
171	104
171	101
172	100
172	97
173	96
173	94
174	93
174	92
179	87
179	86
181	84
180	84
176	88
176	89
175	90
174	90
173	91
173	92
171	94
171	95
170	96
170	97
169	98
169	103
168	104
168	106
167	107
167	111
166	112
166	114
165	115
165	116
164	117
164	119
163	120
163	132
162	133
161	132
160	132
157	129
155	129
154	128
152	128
151	127
149	127
148	126
147	126
146	125
145	125
144	124
141	124
140	123
139	123
138	122
136	122
135	121
122	121
121	120
117	120
116	119
110	119
109	120
100	120
99	121
84	121
83	122
79	122
78	123
76	123
75	124
73	124
70	127
69	127
67	129
65	129
62	132
61	132
60	133
59	133
50	142
50	143
49	144
49	145
45	149
45	150
43	152
42	152
40	154
40	155
41	154
42	155
42	156
41	157
41	158
40	159
39	158
38	158
38	159
39	160
39	162
37	164
37	166
36	167
36	168
35	169
34	169
33	170
33	172
31	174
31	176
32	177
32	178
31	179
31	181
32	182
32	183
31	184
29	184
28	185
27	185
28	186
30	186
31	187
31	191
30	192
29	191
29	190
28	190
28	194
29	195
28	196
27	196
26	197
26	199
25	200
25	202
26	203
26	209
25	210
25	215
24	216
24	218
22	220
22	224
23	225
23	227
22	228
22	240
23	241
23	242
24	243
24	251
25	252
25	254
24	255
27	258
27	260
28	261
28	264
29	265
29	268
30	269
30	271
29	272
30	273
30	274
31	274
32	275
32	276
33	277
33	279
35	281
35	282
36	283
36	285
38	287
38	289
37	290
38	291
38	292
39	293
39	294
40	295
40	296
39	297
36	294
36	293
34	291
34	290
33	289
33	288
32	287
32	285
31	284
31	281
28	278
28	275
27	274
27	272
26	271
26	270
25	269
25	268
24	267
24	263
25	262
25	261
25	262
24	263
23	262
23	261
22	260
22	257
21	256
21	255
20	254
20	251
19	250
19	248
19	252
20	253
20	256
21	257
21	262
24	265
24	270
25	271
25	273
27	275
27	276
28	277
28	279
30	281
30	284
31	285
31	287
32	288
32	290
33	291
33	292
35	294
35	295
39	299
39	300
40	301
40	302
44	306
44	307
46	309
46	310
49	313
49	314
52	317
52	318
57	323
57	324
66	333
67	333
69	335
70	335
74	339
75	339
78	342
80	342
81	343
81	344
82	345
83	345
85	347
86	347
87	348
89	348
90	349
91	349
92	350
93	350
94	351
96	351
97	352
98	352
100	354
101	354
102	355
104	355
105	356
110	356
111	357
111	358
112	358
113	359
113	360
117	360
118	361
120	361
121	362
127	362
128	363
130	363
131	364
136	364
136	363
135	362
131	362
130	361
128	361
127	360
123	360
122	359
118	359
117	358
115	358
114	357
113	357
112	356
113	355
115	355
116	356
118	356
119	357
124	357
125	358
128	358
129	359
133	359
134	360
143	360
144	359
151	359
152	358
155	358
156	357
159	357
160	356
163	356
164	355
166	355
167	354
169	354
170	353
171	353
172	352
175	352
176	353
174	355
173	355
172	356
169	356
168	357
167	357
166	358
164	358
163	359
161	359
160	360
164	360
165	359
167	359
168	358
169	358
170	357
172	357
175	354
180	354
181	355
182	355
182	354
181	354
180	353
176	353
175	352
177	350
179	350
182	347
183	348
187	344
188	344
189	343
190	343
191	342
193	342
192	341
192	339
193	338
194	338
196	336
197	336
201	332
202	332
202	331
207	326
208	326
209	325
210	325
211	326
211	327
209	329
208	329
208	330
209	330
210	329
212	329
212	326
210	324
212	322
213	322
213	321
214	320
215	321
215	320
216	319
217	320
217	324
218	325
218	330
219	331
219	334
220	335
220	336
225	341
224	342
225	342
227	344
228	344
231	347
232	347
233	348
240	348
241	349
243	349
244	350
250	350
252	348
259	348
261	346
263	346
265	344
267	344
268	343
270	343
271	342
272	342
272	341
273	340
275	340
276	341
276	343
276	338
278	336
279	337
280	337
280	333
281	332
281	330
282	329
282	328
281	329
281	330
280	331
279	330
279	325
278	324
278	319
279	318
279	312
278	311
278	310
279	309
279	302
278	303
275	300
275	297
276	296
277	296
275	294
275	287
276	286
278	288
277	289
277	290
278	291
281	291
282	292
287	292
288	293
292	293
293	292
294	292
295	293
309	293
310	294
313	294
315	292
316	292
314	292
312	294
311	293
311	291
310	292
307	292
306	291
287	291
286	290
281	290
280	289
279	289
278	288
280	286
281	286
282	287
283	287
284	288
297	288
298	287
300	287
301	288
310	288
311	287
316	287
316	286
318	284
319	285
321	285
322	286
321	287
320	287
320	288
319	289
320	288
326	288
327	287
331	287
332	286
333	286
334	285
335	285
337	283
338	283
338	281
339	280
342	280
344	278
346	278
348	276
349	276
350	275
351	275
355	271
357	271
358	270
358	267
356	269
355	269
353	271
351	271
350	272
348	270
348	269
349	268
352	268
353	267
354	267
355	266
355	265
358	262
360	262
359	261
361	259
362	260
362	259
365	256
365	255
366	254
367	254
368	255
368	257
367	258
367	260
365	262
365	263
366	262
367	262
368	261
368	260
369	259
370	259
371	258
371	256
373	254
374	254
374	252
377	249
377	248
379	246
379	245
380	244
380	240
381	239
382	239
383	240
383	238
384	237
384	229
383	229
383	236
382	237
382	238
380	240
380	241
378	243
377	243
376	242
376	238
377	237
377	234
378	233
378	228
376	226
376	219
377	218
377	216
378	215
378	212
379	211
379	190
380	189
380	179
379	178
379	174
378	173
378	170
377	169
377	163
376	162
376	160
375	159
375	157
374	156
374	154
372	152
372	151
371	150
371	145
370	144
370	141
369	140
369	137
367	135
367	133
366	132
366	131
365	130
365	129
364	128
364	127
363	126
363	124
362	123
362	122
361	121
361	120
359	118
359	117
357	115
357	114
356	113
356	112
352	108
352	107
351	106
351	104
348	101
348	100
347	99
347	98
346	98
345	97
345	96
342	93
342	92
339	89
339	88
335	84
335	83
334	82
333	82
331	80
331	79
330	79
317	66
316	66
314	64
314	63
313	62
314	61
315	61
316	62
318	62
319	63
319	64
325	70
326	70
328	72
329	72
341	84
342	84
343	85
343	87
344	88
345	88
349	92
349	93
351	95
351	96
352	97
352	98
353	98
353	97
352	96
352	95
351	94
351	93
350	93
349	92
349	91
347	89
347	88
346	87
345	87
344	86
344	85
340	81
340	80
339	80
336	77
336	76
335	75
334	75
333	74
332	74
331	73
331	72
330	71
329	71
327	69
326	69
325	68
324	68
323	67
323	65
322	64
321	64
320	63
320	62
319	61
317	61
315	59
314	59
311	56
308	56
309	56
310	57
311	57
312	58
312	60
313	60
314	61
313	62
311	62
310	61
309	61
306	58
305	58
304	57
303	57
302	56
301	56
300	55
299	55
298	54
297	54
294	51
294	50
293	50
291	48
290	48
289	47
288	47
287	46
286	46
285	45
284	45
283	44
281	44
280	43
