212	50
211	51
209	51
208	52
207	52
206	53
202	53
201	54
197	54
195	56
190	56
189	57
186	57
185	58
184	58
183	59
182	59
181	60
180	60
179	61
177	61
176	62
174	62
173	63
170	63
169	64
166	64
164	66
161	66
160	67
159	67
158	68
156	68
153	71
152	71
151	72
150	72
146	76
145	76
143	78
143	79
142	80
141	80
141	81
139	83
138	83
135	86
135	87
134	88
133	88
133	89
131	91
131	92
128	95
127	95
127	96
125	98
125	99
122	102
122	103
121	104
120	104
120	105
117	108
117	113
116	114
115	114
114	115
114	116
111	119
111	120
110	121
109	121
105	125
105	126
100	131
99	131
98	132
96	132
95	133
95	135
93	137
93	138
94	138
95	139
94	140
91	140
90	141
90	142
89	143
89	144
88	145
88	146
87	147
87	148
82	153
82	154
80	156
80	157
78	159
78	160
75	163
75	166
73	168
73	169
72	170
72	171
71	172
71	174
70	175
70	176
69	177
69	179
68	180
68	183
67	184
67	187
66	188
66	189
64	191
63	190
63	185
64	184
64	179
65	178
65	176
66	175
66	174
68	172
68	171
70	169
70	166
69	165
71	163
72	163
74	161
74	159
73	160
72	159
72	158
73	157
74	157
76	155
76	153
77	152
78	152
78	150
79	149
79	148
78	149
78	150
76	152
76	154
75	155
74	155
73	156
72	156
72	157
71	158
71	160
72	161
71	162
71	163
70	164
69	164
69	168
67	170
67	171
65	173
65	174
64	175
64	177
63	178
63	183
62	184
61	184
61	190
60	191
60	194
59	195
59	199
58	200
58	207
57	208
57	209
58	210
58	212
57	213
57	230
58	231
58	236
59	237
59	241
60	242
60	247
61	248
61	251
62	252
62	255
63	256
63	258
64	259
64	261
65	262
65	263
67	265
67	266
68	267
68	269
69	270
69	272
70	273
70	275
71	276
71	277
72	278
72	279
74	281
74	282
75	283
75	285
77	287
77	288
78	289
78	290
79	290
80	291
80	292
82	294
82	295
83	295
86	298
86	299
93	306
93	307
94	307
101	314
101	315
102	315
103	316
103	317
104	318
105	318
108	321
107	322
106	322
105	321
104	321
103	322
101	322
99	320
97	320
96	319
95	319
94	320
92	320
91	321
91	322
88	325
82	319
81	320
80	320
81	320
83	322
83	323
85	325
86	325
88	327
88	329
89	330
89	331
92	334
93	334
95	336
95	337
98	340
100	340
105	345
105	346
107	346
112	351
111	352
110	352
109	351
107	351
108	351
109	352
110	352
111	353
111	354
112	355
113	355
114	356
115	356
111	352
112	351
114	351
115	352
116	352
117	353
120	353
122	355
122	357
121	358
120	358
122	360
124	360
125	361
125	363
127	363
128	364
130	364
131	365
131	366
137	366
138	367
141	367
142	368
142	369
143	369
144	370
150	370
151	371
153	371
154	372
154	373
162	373
163	374
162	375
161	375
166	375
167	376
184	376
185	377
198	377
199	376
200	376
201	375
202	375
203	374
205	374
203	374
202	375
196	375
195	376
192	376
191	375
184	375
183	374
182	375
179	375
178	374
178	373
176	373
175	374
174	374
173	373
166	373
165	372
159	372
158	371
156	371
154	369
152	369
151	368
150	368
149	367
148	367
147	366
144	366
143	365
144	364
148	364
149	365
156	365
157	366
161	366
162	367
163	367
164	368
168	368
167	367
163	367
161	365
159	365
158	364
158	363
151	363
150	362
145	362
143	360
144	359
148	359
148	358
149	357
150	357
151	356
151	355
147	351
145	351
144	350
143	350
142	349
142	348
144	346
144	342
145	341
146	341
147	342
147	343
148	344
148	343
149	342
151	344
154	344
155	345
158	345
161	348
163	348
164	347
165	348
165	350
166	351
166	352
172	352
171	352
170	351
168	351
167	350
167	349
168	348
169	348
170	349
172	349
173	350
174	350
175	351
177	351
178	352
181	352
184	355
185	354
187	354
189	356
190	356
191	357
192	356
197	356
196	355
193	355
192	354
193	353
198	353
199	352
202	352
203	351
205	351
206	350
208	350
209	349
211	349
212	348
215	348
216	347
218	347
219	346
220	346
221	345
222	346
224	344
227	344
228	343
229	343
230	342
231	343
233	341
234	341
235	342
235	344
236	345
236	346
236	345
239	342
239	341
238	340
236	340
235	339
240	334
240	333
244	329
244	328
246	326
247	327
247	328
249	328
250	327
253	327
247	327
246	326
247	325
249	325
249	324
250	323
250	322
251	321
253	321
254	320
255	320
256	319
256	318
258	316
259	316
260	315
261	315
264	312
265	312
266	311
267	311
269	309
270	309
270	308
272	306
273	307
273	306
275	304
276	305
276	306
277	306
277	305
278	304
279	304
281	302
283	302
283	300
284	299
285	299
285	298
287	296
288	296
289	295
290	295
291	294
293	294
294	295
295	295
299	291
300	291
302	289
302	285
303	284
303	282
304	281
304	270
306	268
307	268
307	267
306	266
310	262
310	261
311	260
313	260
313	259
314	258
315	258
319	254
319	253
324	248
324	247
325	246
326	246
326	244
334	236
335	237
335	238
333	240
333	241
334	240
335	240
336	239
336	235
335	234
337	232
338	232
338	231
339	230
339	229
342	226
342	225
344	223
344	219
345	218
346	219
346	221
346	220
347	219
347	217
348	216
348	215
350	213
350	207
349	206
350	205
350	203
351	202
351	200
352	199
352	194
353	193
353	192
352	191
352	178
351	177
352	176
352	175
351	174
351	172
350	171
350	162
348	160
348	155
347	154
347	151
346	150
346	146
345	145
345	143
344	142
344	138
343	137
343	134
342	133
342	127
341	126
341	124
340	123
340	118
339	117
339	116
338	115
338	111
337	110
338	109
340	109
339	109
338	108
338	107
336	107
334	105
334	104
331	101
331	100
330	99
330	98
329	97
329	93
328	92
328	88
327	89
327	94
328	95
328	97
329	98
329	100
328	101
321	94
321	93
320	92
320	91
318	89
318	88
317	87
316	87
312	83
311	83
309	81
309	80
308	80
306	78
306	77
305	76
304	76
303	75
302	75
300	73
301	72
303	72
305	74
305	73
303	71
301	71
301	72
300	73
299	73
297	71
296	71
294	69
293	69
292	68
291	68
290	67
289	67
288	66
284	66
283	65
283	64
282	63
280	63
279	62
278	62
277	61
276	61
275	60
274	60
273	59
271	59
270	58
269	58
268	57
263	57
262	56
255	56
254	55
247	55
246	54
242	54
241	53
233	53
232	52
233	51
235	51
216	51
215	52
214	52
213	51
214	50
212	50
211	51
209	51
208	52
207	52
206	53
202	53
201	54
197	54
195	56
190	56
189	57
186	57
185	58
184	58
183	59
182	59
181	60
180	60
179	61
177	61
176	62
174	62
173	63
170	63
169	64
166	64
164	66
161	66
160	67
159	67
158	68
156	68
153	71
152	71
151	72
150	72
146	76
145	76
143	78
143	79
142	80
141	80
141	81
139	83
138	83
135	86
135	87
134	88
133	88
133	89
131	91
131	92
128	95
127	95
127	96
125	98
125	99
122	102
122	103
121	104
120	104
120	105
117	108
117	113
116	114
115	114
114	115
114	116
111	119
111	120
110	121
109	121
105	125
105	126
100	131
99	131
98	132
96	132
95	133
95	135
93	137
93	138
94	138
95	139
94	140
91	140
90	141
90	142
89	143
89	144
88	145
88	146
87	147
87	148
82	153
82	154
80	156
80	157
78	159
78	160
75	163
75	166
73	168
73	169
72	170
72	171
71	172
71	174
70	175
70	176
69	177
69	179
68	180
68	183
67	184
67	187
66	188
66	189
64	191
63	190
63	185
64	184
64	179
65	178
65	176
66	175
66	174
68	172
68	171
70	169
70	166
69	165
71	163
72	163
74	161
74	159
73	160
72	159
72	158
73	157
74	157
76	155
76	153
77	152
78	152
78	150
79	149
79	148
78	149
78	150
76	152
76	154
75	155
74	155
73	156
72	156
72	157
71	158
71	160
72	161
71	162
71	163
70	164
69	164
69	168
67	170
67	171
65	173
65	174
64	175
64	177
63	178
63	183
62	184
61	184
61	190
60	191
60	194
59	195
59	199
58	200
58	207
57	208
57	209
58	210
58	212
57	213
57	230
58	231
58	236
59	237
59	241
60	242
60	247
61	248
61	251
62	252
62	255
63	256
63	258
64	259
64	261
65	262
65	263
67	265
67	266
68	267
68	269
69	270
69	272
70	273
70	275
71	276
71	277
72	278
72	279
74	281
74	282
75	283
75	285
77	287
77	288
78	289
78	290
79	290
80	291
80	292
82	294
82	295
83	295
86	298
86	299
93	306
93	307
94	307
101	314
101	315
102	315
103	316
103	317
104	318
105	318
108	321
107	322
106	322
105	321
104	321
103	322
101	322
99	320
97	320
96	319
95	319
94	320
92	320
91	321
91	322
88	325
82	319
81	320
80	320
81	320
83	322
83	323
85	325
86	325
88	327
88	329
89	330
89	331
92	334
93	334
95	336
95	337
98	340
100	340
105	345
105	346
107	346
112	351
111	352
110	352
109	351
107	351
108	351
109	352
110	352
111	353
111	354
112	355
113	355
114	356
115	356
111	352
112	351
114	351
115	352
116	352
117	353
120	353
122	355
122	357
121	358
120	358
122	360
124	360
125	361
125	363
127	363
128	364
130	364
131	365
131	366
137	366
138	367
141	367
142	368
142	369
143	369
144	370
150	370
151	371
153	371
154	372
154	373
162	373
163	374
162	375
161	375
166	375
167	376
184	376
185	377
198	377
199	376
200	376
201	375
202	375
203	374
205	374
203	374
202	375
196	375
195	376
192	376
191	375
184	375
183	374
182	375
179	375
178	374
178	373
176	373
175	374
174	374
173	373
166	373
165	372
159	372
158	371
156	371
154	369
152	369
151	368
150	368
149	367
148	367
147	366
144	366
143	365
144	364
148	364
149	365
156	365
157	366
161	366
162	367
163	367
164	368
168	368
167	367
163	367
161	365
159	365
158	364
158	363
151	363
150	362
145	362
143	360
144	359
148	359
148	358
149	357
150	357
151	356
151	355
147	351
145	351
144	350
143	350
142	349
142	348
144	346
144	342
145	341
146	341
147	342
147	343
148	344
148	343
149	342
151	344
154	344
155	345
158	345
161	348
163	348
164	347
165	348
165	350
166	351
166	352
172	352
171	352
170	351
168	351
167	350
167	349
168	348
169	348
170	349
172	349
173	350
174	350
175	351
177	351
178	352
181	352
184	355
185	354
187	354
189	356
190	356
191	357
192	356
197	356
196	355
193	355
192	354
193	353
198	353
199	352
202	352
203	351
205	351
206	350
208	350
209	349
211	349
212	348
215	348
216	347
218	347
219	346
220	346
221	345
222	346
224	344
227	344
228	343
229	343
230	342
231	343
233	341
234	341
235	342
235	344
236	345
236	346
236	345
239	342
239	341
238	340
236	340
235	339
240	334
240	333
244	329
244	328
246	326
247	327
247	328
249	328
250	327
253	327
247	327
246	326
247	325
249	325
249	324
250	323
250	322
251	321
253	321
254	320
255	320
256	319
256	318
258	316
259	316
260	315
261	315
264	312
265	312
266	311
267	311
269	309
270	309
270	308
272	306
273	307
273	306
275	304
276	305
276	306
277	306
277	305
278	304
279	304
281	302
283	302
283	300
284	299
285	299
285	298
287	296
288	296
289	295
290	295
291	294
293	294
294	295
295	295
299	291
300	291
302	289
302	285
303	284
303	282
304	281
304	270
306	268
307	268
307	267
306	266
310	262
310	261
311	260
313	260
313	259
314	258
315	258
319	254
319	253
324	248
324	247
325	246
326	246
326	244
334	236
335	237
335	238
333	240
333	241
334	240
335	240
336	239
336	235
335	234
337	232
338	232
338	231
339	230
339	229
342	226
342	225
344	223
344	219
345	218
346	219
346	221
346	220
347	219
347	217
348	216
348	215
350	213
350	207
349	206
350	205
350	203
351	202
351	200
352	199
352	194
353	193
353	192
352	191
352	178
351	177
352	176
352	175
351	174
351	172
350	171
350	162
348	160
348	155
347	154
347	151
346	150
346	146
345	145
345	143
344	142
344	138
343	137
343	134
342	133
342	127
341	126
341	124
340	123
340	118
339	117
339	116
338	115
338	111
337	110
338	109
340	109
339	109
338	108
338	107
336	107
334	105
334	104
331	101
331	100
330	99
330	98
329	97
329	93
328	92
328	88
327	89
327	94
328	95
328	97
329	98
329	100
328	101
321	94
321	93
320	92
320	91
318	89
318	88
317	87
316	87
312	83
311	83
309	81
309	80
308	80
306	78
306	77
305	76
304	76
303	75
302	75
300	73
301	72
303	72
305	74
305	73
303	71
301	71
301	72
300	73
299	73
297	71
296	71
294	69
293	69
292	68
291	68
290	67
289	67
288	66
284	66
283	65
283	64
282	63
280	63
279	62
278	62
277	61
276	61
275	60
274	60
273	59
271	59
270	58
269	58
268	57
263	57
262	56
255	56
254	55
247	55
246	54
242	54
241	53
233	53
232	52
233	51
235	51
216	51
215	52
214	52
213	51
214	50
212	50
211	51
209	51
208	52
207	52
206	53
202	53
201	54
197	54
195	56
190	56
189	57
186	57
185	58
184	58
183	59
182	59
181	60
180	60
179	61
177	61
176	62
174	62
173	63
170	63
169	64
166	64
164	66
161	66
160	67
159	67
158	68
156	68
153	71
152	71
151	72
150	72
146	76
145	76
143	78
143	79
142	80
141	80
141	81
139	83
138	83
135	86
135	87
134	88
133	88
133	89
131	91
131	92
128	95
127	95
127	96
125	98
125	99
122	102
122	103
121	104
120	104
120	105
117	108
117	113
116	114
115	114
114	115
114	116
111	119
111	120
110	121
109	121
105	125
105	126
100	131
99	131
98	132
96	132
95	133
95	135
93	137
93	138
94	138
95	139
94	140
91	140
90	141
90	142
89	143
89	144
88	145
88	146
87	147
87	148
82	153
82	154
80	156
80	157
78	159
78	160
75	163
75	166
73	168
73	169
72	170
72	171
71	172
71	174
70	175
70	176
69	177
69	179
68	180
68	183
67	184
67	187
66	188
66	189
64	191
63	190
63	185
64	184
64	179
65	178
65	176
66	175
66	174
68	172
68	171
70	169
70	166
69	165
71	163
72	163
74	161
74	159
73	160
72	159
72	158
73	157
74	157
76	155
76	153
77	152
78	152
78	150
79	149
79	148
78	149
78	150
76	152
76	154
75	155
74	155
73	156
72	156
72	157
71	158
71	160
72	161
71	162
71	163
70	164
69	164
69	168
67	170
67	171
65	173
65	174
64	175
64	177
63	178
63	183
62	184
61	184
61	190
60	191
60	194
59	195
59	199
58	200
58	207
57	208
57	209
58	210
58	212
57	213
57	230
58	231
58	236
59	237
59	241
60	242
60	247
61	248
61	251
62	252
62	255
63	256
63	258
64	259
64	261
65	262
65	263
67	265
67	266
68	267
68	269
69	270
69	272
70	273
70	275
71	276
71	277
72	278
72	279
74	281
74	282
75	283
75	285
77	287
77	288
78	289
78	290
79	290
80	291
80	292
82	294
82	295
83	295
86	298
86	299
93	306
93	307
94	307
101	314
101	315
102	315
103	316
103	317
104	318
105	318
108	321
107	322
106	322
105	321
104	321
103	322
101	322
99	320
97	320
96	319
95	319
94	320
92	320
91	321
91	322
88	325
82	319
81	320
80	320
81	320
83	322
83	323
85	325
86	325
88	327
88	329
89	330
89	331
92	334
93	334
95	336
95	337
98	340
100	340
105	345
105	346
107	346
112	351
111	352
110	352
109	351
107	351
108	351
109	352
110	352
111	353
111	354
112	355
113	355
114	356
115	356
111	352
112	351
114	351
115	352
116	352
117	353
120	353
122	355
122	357
121	358
120	358
122	360
124	360
125	361
125	363
127	363
128	364
130	364
131	365
131	366
137	366
138	367
141	367
142	368
142	369
143	369
144	370
150	370
151	371
153	371
154	372
154	373
162	373
163	374
162	375
161	375
166	375
167	376
184	376
185	377
198	377
199	376
200	376
201	375
202	375
203	374
205	374
203	374
202	375
196	375
195	376
192	376
191	375
184	375
183	374
182	375
179	375
178	374
178	373
176	373
175	374
174	374
173	373
166	373
165	372
159	372
158	371
156	371
154	369
152	369
151	368
150	368
149	367
148	367
147	366
144	366
143	365
144	364
148	364
149	365
156	365
157	366
161	366
162	367
163	367
164	368
168	368
167	367
163	367
161	365
159	365
158	364
158	363
151	363
150	362
145	362
143	360
144	359
148	359
148	358
149	357
150	357
151	356
151	355
147	351
145	351
144	350
143	350
142	349
142	348
144	346
144	342
145	341
146	341
147	342
147	343
148	344
148	343
149	342
151	344
154	344
155	345
158	345
161	348
163	348
164	347
165	348
165	350
166	351
166	352
172	352
171	352
170	351
168	351
167	350
167	349
168	348
169	348
170	349
172	349
173	350
174	350
175	351
177	351
178	352
181	352
184	355
185	354
187	354
189	356
190	356
191	357
192	356
197	356
196	355
193	355
192	354
193	353
198	353
199	352
202	352
203	351
205	351
206	350
208	350
209	349
211	349
212	348
215	348
216	347
218	347
219	346
220	346
221	345
222	346
224	344
227	344
228	343
229	343
230	342
231	343
233	341
234	341
235	342
235	344
236	345
236	346
236	345
239	342
239	341
238	340
236	340
235	339
240	334
240	333
244	329
244	328
246	326
247	327
247	328
249	328
250	327
253	327
247	327
246	326
247	325
249	325
249	324
250	323
250	322
251	321
253	321
254	320
255	320
256	319
256	318
258	316
259	316
260	315
261	315
264	312
265	312
266	311
267	311
269	309
270	309
270	308
272	306
273	307
273	306
275	304
276	305
276	306
277	306
277	305
278	304
279	304
281	302
283	302
283	300
284	299
285	299
285	298
287	296
288	296
289	295
290	295
291	294
293	294
294	295
295	295
299	291
300	291
302	289
302	285
303	284
303	282
304	281
304	270
306	268
307	268
307	267
306	266
310	262
310	261
311	260
313	260
313	259
314	258
315	258
319	254
319	253
324	248
324	247
325	246
326	246
326	244
334	236
335	237
335	238
333	240
333	241
334	240
335	240
336	239
336	235
335	234
337	232
338	232
338	231
339	230
339	229
342	226
342	225
344	223
344	219
345	218
346	219
346	221
346	220
347	219
347	217
348	216
348	215
350	213
350	207
349	206
350	205
350	203
351	202
351	200
352	199
352	194
353	193
353	192
352	191
352	178
351	177
352	176
352	175
351	174
351	172
350	171
350	162
348	160
348	155
347	154
347	151
346	150
346	146
345	145
345	143
344	142
344	138
343	137
343	134
342	133
342	127
341	126
341	124
340	123
340	118
339	117
339	116
338	115
338	111
337	110
338	109
340	109
339	109
338	108
338	107
336	107
334	105
334	104
331	101
331	100
330	99
330	98
329	97
329	93
328	92
328	88
327	89
327	94
328	95
328	97
329	98
329	100
328	101
321	94
321	93
320	92
320	91
318	89
318	88
317	87
316	87
312	83
311	83
309	81
309	80
308	80
306	78
306	77
305	76
304	76
303	75
302	75
300	73
301	72
303	72
305	74
305	73
303	71
301	71
301	72
300	73
299	73
297	71
296	71
294	69
293	69
292	68
291	68
290	67
289	67
288	66
284	66
283	65
283	64
282	63
280	63
279	62
278	62
277	61
276	61
275	60
274	60
273	59
271	59
270	58
269	58
268	57
263	57
262	56
255	56
254	55
247	55
246	54
242	54
241	53
233	53
232	52
233	51
235	51
216	51
215	52
214	52
213	51
214	50
212	50
211	51
209	51
208	52
207	52
206	53
202	53
201	54
197	54
195	56
190	56
189	57
186	57
185	58
184	58
183	59
182	59
181	60
180	60
179	61
177	61
176	62
174	62
173	63
170	63
169	64
166	64
164	66
161	66
160	67
159	67
158	68
156	68
153	71
152	71
151	72
150	72
146	76
145	76
143	78
143	79
142	80
141	80
141	81
139	83
138	83
135	86
135	87
134	88
133	88
133	89
131	91
131	92
128	95
127	95
127	96
125	98
125	99
122	102
122	103
121	104
120	104
120	105
117	108
117	113
116	114
115	114
114	115
114	116
111	119
111	120
110	121
109	121
105	125
105	126
100	131
99	131
98	132
96	132
95	133
95	135
93	137
93	138
94	138
95	139
94	140
91	140
90	141
90	142
89	143
89	144
88	145
88	146
87	147
87	148
82	153
82	154
80	156
80	157
78	159
78	160
75	163
75	166
73	168
73	169
72	170
72	171
71	172
71	174
70	175
70	176
69	177
69	179
68	180
68	183
67	184
67	187
66	188
66	189
64	191
63	190
63	185
64	184
64	179
65	178
65	176
66	175
66	174
68	172
68	171
70	169
70	166
69	165
71	163
72	163
74	161
74	159
73	160
72	159
72	158
73	157
74	157
76	155
76	153
77	152
78	152
78	150
79	149
79	148
78	149
78	150
76	152
76	154
75	155
74	155
73	156
72	156
72	157
71	158
71	160
72	161
71	162
71	163
70	164
69	164
69	168
67	170
67	171
65	173
65	174
64	175
64	177
63	178
63	183
62	184
61	184
61	190
60	191
60	194
59	195
59	199
58	200
58	207
57	208
57	209
58	210
58	212
57	213
57	230
58	231
58	236
59	237
59	241
60	242
60	247
61	248
61	251
62	252
62	255
63	256
63	258
64	259
64	261
65	262
65	263
67	265
67	266
68	267
68	269
69	270
69	272
70	273
70	275
71	276
71	277
72	278
72	279
74	281
74	282
75	283
75	285
77	287
77	288
78	289
78	290
79	290
80	291
80	292
82	294
82	295
83	295
86	298
86	299
93	306
93	307
94	307
101	314
101	315
102	315
103	316
103	317
104	318
105	318
108	321
107	322
106	322
105	321
104	321
103	322
101	322
99	320
97	320
96	319
95	319
94	320
92	320
91	321
91	322
88	325
82	319
81	320
80	320
81	320
83	322
83	323
85	325
86	325
88	327
88	329
89	330
89	331
92	334
93	334
95	336
95	337
98	340
100	340
105	345
105	346
107	346
112	351
111	352
110	352
109	351
107	351
108	351
109	352
110	352
111	353
111	354
112	355
113	355
114	356
115	356
111	352
112	351
114	351
115	352
116	352
117	353
120	353
122	355
122	357
121	358
120	358
122	360
124	360
125	361
125	363
127	363
128	364
130	364
131	365
131	366
137	366
138	367
141	367
142	368
142	369
143	369
144	370
150	370
151	371
153	371
154	372
154	373
162	373
163	374
162	375
161	375
166	375
167	376
184	376
185	377
198	377
199	376
200	376
201	375
202	375
203	374
205	374
203	374
202	375
196	375
195	376
192	376
191	375
184	375
183	374
182	375
179	375
178	374
178	373
176	373
175	374
174	374
173	373
166	373
165	372
159	372
158	371
156	371
154	369
152	369
151	368
150	368
149	367
148	367
147	366
144	366
143	365
144	364
148	364
149	365
156	365
157	366
161	366
162	367
163	367
164	368
168	368
167	367
163	367
161	365
159	365
158	364
158	363
151	363
150	362
145	362
143	360
144	359
148	359
148	358
149	357
150	357
151	356
151	355
147	351
145	351
144	350
143	350
142	349
142	348
144	346
144	342
145	341
146	341
147	342
147	343
148	344
148	343
149	342
151	344
154	344
155	345
158	345
161	348
163	348
164	347
165	348
165	350
166	351
166	352
172	352
171	352
170	351
168	351
167	350
167	349
168	348
169	348
170	349
172	349
173	350
174	350
175	351
177	351
178	352
181	352
184	355
185	354
187	354
189	356
190	356
191	357
192	356
197	356
196	355
193	355
192	354
193	353
198	353
199	352
202	352
203	351
205	351
206	350
208	350
209	349
211	349
212	348
215	348
216	347
218	347
219	346
220	346
221	345
222	346
224	344
227	344
228	343
229	343
230	342
231	343
233	341
234	341
235	342
235	344
236	345
236	346
236	345
239	342
239	341
238	340
236	340
235	339
240	334
240	333
244	329
244	328
246	326
247	327
247	328
249	328
250	327
253	327
247	327
246	326
247	325
249	325
249	324
250	323
250	322
251	321
253	321
254	320
255	320
256	319
256	318
258	316
259	316
260	315
261	315
264	312
265	312
266	311
267	311
269	309
270	309
270	308
272	306
273	307
273	306
275	304
276	305
276	306
277	306
277	305
278	304
279	304
281	302
283	302
283	300
284	299
285	299
285	298
287	296
288	296
289	295
290	295
291	294
293	294
294	295
295	295
299	291
300	291
302	289
302	285
303	284
303	282
304	281
304	270
306	268
307	268
307	267
306	266
310	262
310	261
311	260
313	260
313	259
314	258
315	258
319	254
319	253
324	248
324	247
325	246
326	246
326	244
334	236
335	237
335	238
333	240
333	241
334	240
335	240
336	239
336	235
335	234
337	232
338	232
338	231
339	230
339	229
342	226
342	225
344	223
344	219
345	218
346	219
346	221
346	220
347	219
347	217
348	216
348	215
350	213
350	207
349	206
350	205
350	203
351	202
351	200
352	199
352	194
353	193
353	192
352	191
352	178
351	177
352	176
352	175
351	174
351	172
350	171
350	162
348	160
348	155
347	154
347	151
346	150
346	146
345	145
345	143
344	142
344	138
343	137
343	134
342	133
342	127
341	126
341	124
340	123
340	118
339	117
339	116
338	115
338	111
337	110
338	109
340	109
339	109
338	108
338	107
336	107
334	105
334	104
331	101
331	100
330	99
330	98
329	97
329	93
328	92
328	88
327	89
327	94
328	95
328	97
329	98
329	100
328	101
321	94
321	93
320	92
320	91
318	89
318	88
317	87
316	87
312	83
311	83
309	81
309	80
308	80
306	78
306	77
305	76
304	76
303	75
302	75
300	73
301	72
303	72
305	74
305	73
303	71
301	71
301	72
300	73
299	73
297	71
296	71
294	69
293	69
292	68
291	68
290	67
289	67
288	66
284	66
283	65
283	64
282	63
280	63
279	62
278	62
277	61
276	61
275	60
274	60
273	59
271	59
270	58
269	58
268	57
263	57
262	56
255	56
254	55
247	55
246	54
242	54
241	53
233	53
232	52
233	51
235	51
216	51
215	52
214	52
213	51
214	50
