134	44
133	45
128	45
126	47
123	47
119	51
113	51
112	50
100	50
99	51
97	51
96	52
95	52
92	55
91	55
84	62
84	63
83	64
82	64
78	68
77	68
76	69
76	70
72	74
72	75
70	77
70	78
69	79
68	79
67	80
68	81
66	83
66	84
64	86
64	87
62	89
62	90
61	91
61	92
60	93
60	95
58	97
57	97
57	102
56	103
56	105
53	108
52	108
52	111
50	113
50	115
48	117
48	118
47	119
47	120
46	121
46	122
45	123
45	124
44	125
44	126
43	127
43	128
42	129
42	131
41	132
41	137
40	138
40	139
39	140
39	143
38	144
38	148
37	149
37	157
36	158
36	161
35	162
35	185
36	186
36	191
37	192
37	195
36	196
36	197
37	198
37	199
36	200
36	202
37	203
37	208
38	209
37	210
39	212
39	217
38	218
39	218
41	220
40	221
40	222
38	224
37	223
38	224
39	224
40	225
40	226
41	227
41	228
44	231
44	234
45	235
45	242
44	243
40	239
40	237
39	236
39	235
37	233
37	231
36	230
36	229
35	228
35	225
34	224
34	222
33	221
33	222
34	223
34	224
35	225
35	230
34	231
33	230
33	227
32	226
32	224
31	223
31	222
30	221
30	219
29	218
29	217
28	216
28	209
27	208
27	200
26	199
26	179
26	183
25	184
25	198
26	199
26	207
27	208
27	215
28	216
28	218
29	219
29	221
30	222
30	223
31	224
31	228
32	229
32	232
33	233
33	234
34	235
34	236
35	237
35	239
36	240
36	241
37	242
37	245
38	246
38	241
37	240
37	239
36	238
36	237
35	236
35	235
34	234
34	231
35	230
36	231
36	233
37	234
37	235
39	237
39	238
40	239
40	240
42	242
42	244
43	245
43	248
44	249
44	251
47	254
47	255
49	257
49	259
53	263
53	264
52	265
51	264
51	265
52	265
53	264
54	264
55	265
55	266
58	269
57	270
56	270
59	273
60	273
61	274
62	274
61	273
62	272
63	272
65	274
66	274
69	277
70	277
71	278
71	279
70	280
69	279
68	279
65	276
63	276
67	280
66	281
65	281
63	279
63	280
64	281
65	281
66	282
66	287
67	288
69	288
69	287
68	287
67	286
67	284
66	283
66	281
67	280
68	280
69	281
69	282
70	282
71	283
72	283
73	284
74	284
76	286
77	286
78	287
79	287
80	288
81	288
83	290
86	290
88	292
89	291
92	291
94	293
98	293
99	294
101	294
102	295
103	295
104	296
107	296
108	297
118	297
117	297
116	296
117	295
119	295
120	296
131	296
132	295
133	295
134	294
136	294
137	293
146	293
148	291
151	291
152	290
153	290
154	291
154	293
153	294
153	296
152	297
151	297
150	296
150	298
149	299
149	305
148	306
148	317
149	318
149	320
150	321
150	322
151	323
151	324
152	325
152	326
156	330
155	331
154	331
155	331
156	330
157	331
158	331
159	332
159	333
160	333
161	334
162	334
164	336
165	336
166	337
167	337
168	338
170	338
171	339
174	339
175	340
178	340
179	341
180	341
181	342
188	342
189	343
191	343
192	342
197	342
198	341
200	341
202	339
205	339
205	338
206	337
206	335
208	333
209	334
210	333
210	332
211	331
211	329
212	328
212	327
213	326
213	325
214	324
214	320
215	319
215	315
216	314
215	314
214	313
215	312
217	312
218	313
220	313
221	314
222	314
223	315
223	316
224	316
225	317
226	317
229	320
230	320
232	322
234	322
235	323
236	323
237	324
238	323
241	323
242	324
245	324
246	325
247	325
248	326
250	326
251	327
252	327
253	328
256	328
257	329
258	329
259	330
262	330
264	332
267	332
268	333
269	333
270	334
273	334
274	335
276	335
277	336
280	336
281	335
282	335
283	334
287	334
288	335
298	335
299	334
307	334
308	333
310	333
311	332
313	332
314	331
320	331
321	330
322	330
324	328
327	328
328	327
332	327
333	326
334	326
334	325
335	324
336	324
337	323
340	323
339	322
335	322
334	321
333	321
333	322
331	324
328	324
327	325
325	325
324	326
322	326
321	327
318	327
317	328
315	328
314	329
311	329
310	328
311	327
312	327
313	326
315	326
316	325
318	325
319	324
323	324
323	323
324	322
326	322
328	320
330	320
331	319
332	319
335	316
336	316
338	314
339	314
341	312
342	312
344	310
346	310
347	309
347	308
348	307
349	307
350	306
351	306
350	305
352	303
352	302
353	301
354	301
356	299
357	299
358	298
358	297
359	296
359	294
361	292
363	292
363	291
364	290
364	288
365	287
365	286
366	285
367	285
368	284
368	282
372	278
372	277
373	276
373	275
374	274
374	273
375	272
376	272
376	271
377	270
377	269
376	268
376	266
378	264
379	265
379	263
378	262
378	260
379	259
379	257
380	256
381	256
381	255
382	254
382	252
383	251
383	250
384	249
384	246
383	245
383	243
385	241
386	241
388	239
388	236
387	235
387	230
389	228
389	226
390	225
390	221
391	220
391	219
392	218
391	217
391	206
392	205
392	200
393	199
393	192
392	191
392	188
391	187
391	183
390	182
390	181
391	180
391	174
390	173
390	172
389	171
389	165
388	164
388	162
387	161
388	160
388	156
387	155
387	152
386	151
386	149
383	146
383	143
382	142
382	140
380	138
380	137
379	136
379	132
378	131
378	130
377	129
377	128
376	127
376	126
374	124
374	122
373	121
373	120
369	116
368	116
365	113
364	113
362	111
361	111
358	108
357	108
355	106
354	106
353	105
352	105
351	104
350	104
349	103
348	103
345	100
344	100
343	99
343	97
343	98
342	99
341	99
340	98
339	98
337	96
336	96
335	95
334	95
332	93
328	93
326	91
324	91
323	90
317	90
316	89
301	89
300	90
281	90
280	91
278	91
277	92
272	92
271	93
266	93
265	94
263	94
262	95
260	95
259	96
258	96
256	98
255	98
254	99
253	99
252	100
251	100
250	101
248	101
248	102
247	103
246	103
244	105
243	105
242	106
241	106
240	107
239	107
238	106
236	106
235	105
233	105
232	104
231	104
230	103
231	102
232	102
232	99
231	98
231	97
230	96
230	95
228	95
229	96
229	97
230	98
230	99
231	100
231	102
230	103
229	102
229	101
226	98
226	97
225	96
225	94
224	93
224	91
222	89
222	88
220	86
220	85
218	83
217	83
216	82
215	82
213	80
212	80
211	79
209	79
207	77
205	77
204	76
202	76
201	75
199	75
198	74
195	74
194	73
193	73
192	72
192	71
193	70
195	70
194	70
193	69
191	69
190	68
187	68
186	67
185	67
182	64
182	63
179	60
177	60
176	59
175	59
173	57
171	57
170	56
169	56
168	55
166	55
163	52
163	51
164	50
163	49
161	49
160	48
159	48
158	47
157	47
156	46
152	46
151	45
144	45
143	44
134	44
133	45
128	45
126	47
123	47
119	51
113	51
112	50
100	50
99	51
97	51
96	52
95	52
92	55
91	55
84	62
84	63
83	64
82	64
78	68
77	68
76	69
76	70
72	74
72	75
70	77
70	78
69	79
68	79
67	80
68	81
66	83
66	84
64	86
64	87
62	89
62	90
61	91
61	92
60	93
60	95
58	97
57	97
57	102
56	103
56	105
53	108
52	108
52	111
50	113
50	115
48	117
48	118
47	119
47	120
46	121
46	122
45	123
45	124
44	125
44	126
43	127
43	128
42	129
42	131
41	132
41	137
40	138
40	139
39	140
39	143
38	144
38	148
37	149
37	157
36	158
36	161
35	162
35	185
36	186
36	191
37	192
37	195
36	196
36	197
37	198
37	199
36	200
36	202
37	203
37	208
38	209
37	210
39	212
39	217
38	218
39	218
41	220
40	221
40	222
38	224
37	223
38	224
39	224
40	225
40	226
41	227
41	228
44	231
44	234
45	235
45	242
44	243
40	239
40	237
39	236
39	235
37	233
37	231
36	230
36	229
35	228
35	225
34	224
34	222
33	221
33	222
34	223
34	224
35	225
35	230
34	231
33	230
33	227
32	226
32	224
31	223
31	222
30	221
30	219
29	218
29	217
28	216
28	209
27	208
27	200
26	199
26	179
26	183
25	184
25	198
26	199
26	207
27	208
27	215
28	216
28	218
29	219
29	221
30	222
30	223
31	224
31	228
32	229
32	232
33	233
33	234
34	235
34	236
35	237
35	239
36	240
36	241
37	242
37	245
38	246
38	241
37	240
37	239
36	238
36	237
35	236
35	235
34	234
34	231
35	230
36	231
36	233
37	234
37	235
39	237
39	238
40	239
40	240
42	242
42	244
43	245
43	248
44	249
44	251
47	254
47	255
49	257
49	259
53	263
53	264
52	265
51	264
51	265
52	265
53	264
54	264
55	265
55	266
58	269
57	270
56	270
59	273
60	273
61	274
62	274
61	273
62	272
63	272
65	274
66	274
69	277
70	277
71	278
71	279
70	280
69	279
68	279
65	276
63	276
67	280
66	281
65	281
63	279
63	280
64	281
65	281
66	282
66	287
67	288
69	288
69	287
68	287
67	286
67	284
66	283
66	281
67	280
68	280
69	281
69	282
70	282
71	283
72	283
73	284
74	284
76	286
77	286
78	287
79	287
80	288
81	288
83	290
86	290
88	292
89	291
92	291
94	293
98	293
99	294
101	294
102	295
103	295
104	296
107	296
108	297
118	297
117	297
116	296
117	295
119	295
120	296
131	296
132	295
133	295
134	294
136	294
137	293
146	293
148	291
151	291
152	290
153	290
154	291
154	293
153	294
153	296
152	297
151	297
150	296
150	298
149	299
149	305
148	306
148	317
149	318
149	320
150	321
150	322
151	323
151	324
152	325
152	326
156	330
155	331
154	331
155	331
156	330
157	331
158	331
159	332
159	333
160	333
161	334
162	334
164	336
165	336
166	337
167	337
168	338
170	338
171	339
174	339
175	340
178	340
179	341
180	341
181	342
188	342
189	343
191	343
192	342
197	342
198	341
200	341
202	339
205	339
205	338
206	337
206	335
208	333
209	334
210	333
210	332
211	331
211	329
212	328
212	327
213	326
213	325
214	324
214	320
215	319
215	315
216	314
215	314
214	313
215	312
217	312
218	313
220	313
221	314
222	314
223	315
223	316
224	316
225	317
226	317
229	320
230	320
232	322
234	322
235	323
236	323
237	324
238	323
241	323
242	324
245	324
246	325
247	325
248	326
250	326
251	327
252	327
253	328
256	328
257	329
258	329
259	330
262	330
264	332
267	332
268	333
269	333
270	334
273	334
274	335
276	335
277	336
280	336
281	335
282	335
283	334
287	334
288	335
298	335
299	334
307	334
308	333
310	333
311	332
313	332
314	331
320	331
321	330
322	330
324	328
327	328
328	327
332	327
333	326
334	326
334	325
335	324
336	324
337	323
340	323
339	322
335	322
334	321
333	321
333	322
331	324
328	324
327	325
325	325
324	326
322	326
321	327
318	327
317	328
315	328
314	329
311	329
310	328
311	327
312	327
313	326
315	326
316	325
318	325
319	324
323	324
323	323
324	322
326	322
328	320
330	320
331	319
332	319
335	316
336	316
338	314
339	314
341	312
342	312
344	310
346	310
347	309
347	308
348	307
349	307
350	306
351	306
350	305
352	303
352	302
353	301
354	301
356	299
357	299
358	298
358	297
359	296
359	294
361	292
363	292
363	291
364	290
364	288
365	287
365	286
366	285
367	285
368	284
368	282
372	278
372	277
373	276
373	275
374	274
374	273
375	272
376	272
376	271
377	270
377	269
376	268
376	266
378	264
379	265
379	263
378	262
378	260
379	259
379	257
380	256
381	256
381	255
382	254
382	252
383	251
383	250
384	249
384	246
383	245
383	243
385	241
386	241
388	239
388	236
387	235
387	230
389	228
389	226
390	225
390	221
391	220
391	219
392	218
391	217
391	206
392	205
392	200
393	199
393	192
392	191
392	188
391	187
391	183
390	182
390	181
391	180
391	174
390	173
390	172
389	171
389	165
388	164
388	162
387	161
388	160
388	156
387	155
387	152
386	151
386	149
383	146
383	143
382	142
382	140
380	138
380	137
379	136
379	132
378	131
378	130
377	129
377	128
376	127
376	126
374	124
374	122
373	121
373	120
369	116
368	116
365	113
364	113
362	111
361	111
358	108
357	108
355	106
354	106
353	105
352	105
351	104
350	104
349	103
348	103
345	100
344	100
343	99
343	97
343	98
342	99
341	99
340	98
339	98
337	96
336	96
335	95
334	95
332	93
328	93
326	91
324	91
323	90
317	90
316	89
301	89
300	90
281	90
280	91
278	91
277	92
272	92
271	93
266	93
265	94
263	94
262	95
260	95
259	96
258	96
256	98
255	98
254	99
253	99
252	100
251	100
250	101
248	101
248	102
247	103
246	103
244	105
243	105
242	106
241	106
240	107
239	107
238	106
236	106
235	105
233	105
232	104
231	104
230	103
231	102
232	102
232	99
231	98
231	97
230	96
230	95
228	95
229	96
229	97
230	98
230	99
231	100
231	102
230	103
229	102
229	101
226	98
226	97
225	96
225	94
224	93
224	91
222	89
222	88
220	86
220	85
218	83
217	83
216	82
215	82
213	80
212	80
211	79
209	79
207	77
205	77
204	76
202	76
201	75
199	75
198	74
195	74
194	73
193	73
192	72
192	71
193	70
195	70
194	70
193	69
191	69
190	68
187	68
186	67
185	67
182	64
182	63
179	60
177	60
176	59
175	59
173	57
171	57
170	56
169	56
168	55
166	55
163	52
163	51
164	50
163	49
161	49
160	48
159	48
158	47
157	47
156	46
152	46
151	45
144	45
143	44
134	44
133	45
128	45
126	47
123	47
119	51
113	51
112	50
100	50
99	51
97	51
96	52
95	52
92	55
91	55
84	62
84	63
83	64
82	64
78	68
77	68
76	69
76	70
72	74
72	75
70	77
70	78
69	79
68	79
67	80
68	81
66	83
66	84
64	86
64	87
62	89
62	90
61	91
61	92
60	93
60	95
58	97
57	97
57	102
56	103
56	105
53	108
52	108
52	111
50	113
50	115
48	117
48	118
47	119
47	120
46	121
46	122
45	123
45	124
44	125
44	126
43	127
43	128
42	129
42	131
41	132
41	137
40	138
40	139
39	140
39	143
38	144
38	148
37	149
37	157
36	158
36	161
35	162
35	185
36	186
36	191
37	192
37	195
36	196
36	197
37	198
37	199
36	200
36	202
37	203
37	208
38	209
37	210
39	212
39	217
38	218
39	218
41	220
40	221
40	222
38	224
37	223
38	224
39	224
40	225
40	226
41	227
41	228
44	231
44	234
45	235
45	242
44	243
40	239
40	237
39	236
39	235
37	233
37	231
36	230
36	229
35	228
35	225
34	224
34	222
33	221
33	222
34	223
34	224
35	225
35	230
34	231
33	230
33	227
32	226
32	224
31	223
31	222
30	221
30	219
29	218
29	217
28	216
28	209
27	208
27	200
26	199
26	179
26	183
25	184
25	198
26	199
26	207
27	208
27	215
28	216
28	218
29	219
29	221
30	222
30	223
31	224
31	228
32	229
32	232
33	233
33	234
34	235
34	236
35	237
35	239
36	240
36	241
37	242
37	245
38	246
38	241
37	240
37	239
36	238
36	237
35	236
35	235
34	234
34	231
35	230
36	231
36	233
37	234
37	235
39	237
39	238
40	239
40	240
42	242
42	244
43	245
43	248
44	249
44	251
47	254
47	255
49	257
49	259
53	263
53	264
52	265
51	264
51	265
52	265
53	264
54	264
55	265
55	266
58	269
57	270
56	270
59	273
60	273
61	274
62	274
61	273
62	272
63	272
65	274
66	274
69	277
70	277
71	278
71	279
70	280
69	279
68	279
65	276
63	276
67	280
66	281
65	281
63	279
63	280
64	281
65	281
66	282
66	287
67	288
69	288
69	287
68	287
67	286
67	284
66	283
66	281
67	280
68	280
69	281
69	282
70	282
71	283
72	283
73	284
74	284
76	286
77	286
78	287
79	287
80	288
81	288
83	290
86	290
88	292
89	291
92	291
94	293
98	293
99	294
101	294
102	295
103	295
104	296
107	296
108	297
118	297
117	297
116	296
117	295
119	295
120	296
131	296
132	295
133	295
134	294
136	294
137	293
146	293
148	291
151	291
152	290
153	290
154	291
154	293
153	294
153	296
152	297
151	297
150	296
150	298
149	299
149	305
148	306
148	317
149	318
149	320
150	321
150	322
151	323
151	324
152	325
152	326
156	330
155	331
154	331
155	331
156	330
157	331
158	331
159	332
159	333
160	333
161	334
162	334
164	336
165	336
166	337
167	337
168	338
170	338
171	339
174	339
175	340
178	340
179	341
180	341
181	342
188	342
189	343
191	343
192	342
197	342
198	341
200	341
202	339
205	339
205	338
206	337
206	335
208	333
209	334
210	333
210	332
211	331
211	329
212	328
212	327
213	326
213	325
214	324
214	320
215	319
215	315
216	314
215	314
214	313
215	312
217	312
218	313
220	313
221	314
222	314
223	315
223	316
224	316
225	317
226	317
229	320
230	320
232	322
234	322
235	323
236	323
237	324
238	323
241	323
242	324
245	324
246	325
247	325
248	326
250	326
251	327
252	327
253	328
256	328
257	329
258	329
259	330
262	330
264	332
267	332
268	333
269	333
270	334
273	334
274	335
276	335
277	336
280	336
281	335
282	335
283	334
287	334
288	335
298	335
299	334
307	334
308	333
310	333
311	332
313	332
314	331
320	331
321	330
322	330
324	328
327	328
328	327
332	327
333	326
334	326
334	325
335	324
336	324
337	323
340	323
339	322
335	322
334	321
333	321
333	322
331	324
328	324
327	325
325	325
324	326
322	326
321	327
318	327
317	328
315	328
314	329
311	329
310	328
311	327
312	327
313	326
315	326
316	325
318	325
319	324
323	324
323	323
324	322
326	322
328	320
330	320
331	319
332	319
335	316
336	316
338	314
339	314
341	312
342	312
344	310
346	310
347	309
347	308
348	307
349	307
350	306
351	306
350	305
352	303
352	302
353	301
354	301
356	299
357	299
358	298
358	297
359	296
359	294
361	292
363	292
363	291
364	290
364	288
365	287
365	286
366	285
367	285
368	284
368	282
372	278
372	277
373	276
373	275
374	274
374	273
375	272
376	272
376	271
377	270
377	269
376	268
376	266
378	264
379	265
379	263
378	262
378	260
379	259
379	257
380	256
381	256
381	255
382	254
382	252
383	251
383	250
384	249
384	246
383	245
383	243
385	241
386	241
388	239
388	236
387	235
387	230
389	228
389	226
390	225
390	221
391	220
391	219
392	218
391	217
391	206
392	205
392	200
393	199
393	192
392	191
392	188
391	187
391	183
390	182
390	181
391	180
391	174
390	173
390	172
389	171
389	165
388	164
388	162
387	161
388	160
388	156
387	155
387	152
386	151
386	149
383	146
383	143
382	142
382	140
380	138
380	137
379	136
379	132
378	131
378	130
377	129
377	128
376	127
376	126
374	124
374	122
373	121
373	120
369	116
368	116
365	113
364	113
362	111
361	111
358	108
357	108
355	106
354	106
353	105
352	105
351	104
350	104
349	103
348	103
345	100
344	100
343	99
343	97
343	98
342	99
341	99
340	98
339	98
337	96
336	96
335	95
334	95
332	93
328	93
326	91
324	91
323	90
317	90
316	89
301	89
300	90
281	90
280	91
278	91
277	92
272	92
271	93
266	93
265	94
263	94
262	95
260	95
259	96
258	96
256	98
255	98
254	99
253	99
252	100
251	100
250	101
248	101
248	102
247	103
246	103
244	105
243	105
242	106
241	106
240	107
239	107
238	106
236	106
235	105
233	105
232	104
231	104
230	103
231	102
232	102
232	99
231	98
231	97
230	96
230	95
228	95
229	96
229	97
230	98
230	99
231	100
231	102
230	103
229	102
229	101
226	98
226	97
225	96
225	94
224	93
224	91
222	89
222	88
220	86
220	85
218	83
217	83
216	82
215	82
213	80
212	80
211	79
209	79
207	77
205	77
204	76
202	76
201	75
199	75
198	74
195	74
194	73
193	73
192	72
192	71
193	70
195	70
194	70
193	69
191	69
190	68
187	68
186	67
185	67
182	64
182	63
179	60
177	60
176	59
175	59
173	57
171	57
170	56
169	56
168	55
166	55
163	52
163	51
164	50
163	49
161	49
160	48
159	48
158	47
157	47
156	46
152	46
151	45
144	45
143	44
134	44
133	45
128	45
126	47
123	47
119	51
113	51
112	50
100	50
99	51
97	51
96	52
95	52
92	55
91	55
84	62
84	63
83	64
82	64
78	68
77	68
76	69
76	70
72	74
72	75
70	77
70	78
69	79
68	79
67	80
68	81
66	83
66	84
64	86
64	87
62	89
62	90
61	91
61	92
60	93
60	95
58	97
57	97
57	102
56	103
56	105
53	108
52	108
52	111
50	113
50	115
48	117
48	118
47	119
47	120
46	121
46	122
45	123
45	124
44	125
44	126
43	127
43	128
42	129
42	131
41	132
41	137
40	138
40	139
39	140
39	143
38	144
38	148
37	149
37	157
36	158
36	161
35	162
35	185
36	186
36	191
37	192
37	195
36	196
36	197
37	198
37	199
36	200
36	202
37	203
37	208
38	209
37	210
39	212
39	217
38	218
39	218
41	220
40	221
40	222
38	224
37	223
38	224
39	224
40	225
40	226
41	227
41	228
44	231
44	234
45	235
45	242
44	243
40	239
40	237
39	236
39	235
37	233
37	231
36	230
36	229
35	228
35	225
34	224
34	222
33	221
33	222
34	223
34	224
35	225
35	230
34	231
33	230
33	227
32	226
32	224
31	223
31	222
30	221
30	219
29	218
29	217
28	216
28	209
27	208
27	200
26	199
26	179
26	183
25	184
25	198
26	199
26	207
27	208
27	215
28	216
28	218
29	219
29	221
30	222
30	223
31	224
31	228
32	229
32	232
33	233
33	234
34	235
34	236
35	237
35	239
36	240
36	241
37	242
37	245
38	246
38	241
37	240
37	239
36	238
36	237
35	236
35	235
34	234
34	231
35	230
36	231
36	233
37	234
37	235
39	237
39	238
40	239
40	240
42	242
42	244
43	245
43	248
44	249
44	251
47	254
47	255
49	257
49	259
53	263
53	264
52	265
51	264
51	265
52	265
53	264
54	264
55	265
55	266
58	269
57	270
56	270
59	273
60	273
61	274
62	274
61	273
62	272
63	272
65	274
66	274
69	277
70	277
71	278
71	279
70	280
69	279
68	279
65	276
63	276
67	280
66	281
65	281
63	279
63	280
64	281
65	281
66	282
66	287
67	288
69	288
69	287
68	287
67	286
67	284
66	283
66	281
67	280
68	280
69	281
69	282
70	282
71	283
72	283
73	284
74	284
76	286
77	286
78	287
79	287
80	288
81	288
83	290
86	290
88	292
89	291
92	291
94	293
98	293
99	294
101	294
102	295
103	295
104	296
107	296
108	297
118	297
117	297
116	296
117	295
119	295
120	296
131	296
132	295
133	295
134	294
136	294
137	293
146	293
148	291
151	291
152	290
153	290
154	291
154	293
153	294
153	296
152	297
151	297
150	296
150	298
149	299
149	305
148	306
148	317
149	318
149	320
150	321
150	322
151	323
151	324
152	325
152	326
156	330
155	331
154	331
155	331
156	330
157	331
158	331
159	332
159	333
160	333
161	334
162	334
164	336
165	336
166	337
167	337
168	338
170	338
171	339
174	339
175	340
178	340
179	341
180	341
181	342
188	342
189	343
191	343
192	342
197	342
198	341
200	341
202	339
205	339
205	338
206	337
206	335
208	333
209	334
210	333
210	332
211	331
211	329
212	328
212	327
213	326
213	325
214	324
214	320
215	319
215	315
216	314
215	314
214	313
215	312
217	312
218	313
220	313
221	314
222	314
223	315
223	316
224	316
225	317
226	317
229	320
230	320
232	322
234	322
235	323
236	323
237	324
238	323
241	323
242	324
245	324
246	325
247	325
248	326
250	326
251	327
252	327
253	328
256	328
257	329
258	329
259	330
262	330
264	332
267	332
268	333
269	333
270	334
273	334
274	335
276	335
277	336
280	336
281	335
282	335
283	334
287	334
288	335
298	335
299	334
307	334
308	333
310	333
311	332
313	332
314	331
320	331
321	330
322	330
324	328
327	328
328	327
332	327
333	326
334	326
334	325
335	324
336	324
337	323
340	323
339	322
335	322
334	321
333	321
333	322
331	324
328	324
327	325
325	325
324	326
322	326
321	327
318	327
317	328
315	328
314	329
311	329
310	328
311	327
312	327
313	326
315	326
316	325
318	325
319	324
323	324
323	323
324	322
326	322
328	320
330	320
331	319
332	319
335	316
336	316
338	314
339	314
341	312
342	312
344	310
346	310
347	309
347	308
348	307
349	307
350	306
351	306
350	305
352	303
352	302
353	301
354	301
356	299
357	299
358	298
358	297
359	296
359	294
361	292
363	292
363	291
364	290
364	288
365	287
365	286
366	285
367	285
368	284
368	282
372	278
372	277
373	276
373	275
374	274
374	273
375	272
376	272
376	271
377	270
377	269
376	268
376	266
378	264
379	265
379	263
378	262
378	260
379	259
379	257
380	256
381	256
381	255
382	254
382	252
383	251
383	250
384	249
384	246
383	245
383	243
385	241
386	241
388	239
388	236
387	235
387	230
389	228
389	226
390	225
390	221
391	220
391	219
392	218
391	217
391	206
392	205
392	200
393	199
393	192
392	191
392	188
391	187
391	183
390	182
390	181
391	180
391	174
390	173
390	172
389	171
389	165
388	164
388	162
387	161
388	160
388	156
387	155
387	152
386	151
386	149
383	146
383	143
382	142
382	140
380	138
380	137
379	136
379	132
378	131
378	130
377	129
377	128
376	127
376	126
374	124
374	122
373	121
373	120
369	116
368	116
365	113
364	113
362	111
361	111
358	108
357	108
355	106
354	106
353	105
352	105
351	104
350	104
349	103
348	103
345	100
344	100
343	99
343	97
343	98
342	99
341	99
340	98
339	98
337	96
336	96
335	95
334	95
332	93
328	93
326	91
324	91
323	90
317	90
316	89
301	89
300	90
281	90
280	91
278	91
277	92
272	92
271	93
266	93
265	94
263	94
262	95
260	95
259	96
258	96
256	98
255	98
254	99
253	99
252	100
251	100
250	101
248	101
248	102
247	103
246	103
244	105
243	105
242	106
241	106
240	107
239	107
238	106
236	106
235	105
233	105
232	104
231	104
230	103
231	102
232	102
232	99
231	98
231	97
230	96
230	95
228	95
229	96
229	97
230	98
230	99
231	100
231	102
230	103
229	102
229	101
226	98
226	97
225	96
225	94
224	93
224	91
222	89
222	88
220	86
220	85
218	83
217	83
216	82
215	82
213	80
212	80
211	79
209	79
207	77
205	77
204	76
202	76
201	75
199	75
198	74
195	74
194	73
193	73
192	72
192	71
193	70
195	70
194	70
193	69
191	69
190	68
187	68
186	67
185	67
182	64
182	63
179	60
177	60
176	59
175	59
173	57
171	57
170	56
169	56
168	55
166	55
163	52
163	51
164	50
163	49
161	49
160	48
159	48
158	47
157	47
156	46
152	46
151	45
144	45
143	44
