202	12
201	13
202	14
204	14
205	15
209	15
210	16
215	16
216	15
222	15
223	16
225	16
226	17
228	17
229	18
231	18
232	19
235	19
236	20
240	20
241	21
242	21
243	22
246	22
247	23
248	23
249	24
251	24
252	25
253	24
254	24
256	26
258	26
259	27
261	27
262	28
264	28
265	29
266	29
267	30
268	30
269	31
271	31
272	32
274	32
276	34
277	34
279	36
281	36
282	37
283	37
284	38
285	38
289	42
292	42
293	43
294	43
295	44
296	44
297	45
297	46
298	47
300	47
301	48
302	48
304	50
305	50
307	52
308	52
315	59
316	59
317	60
318	60
324	66
324	67
325	68
326	68
328	70
328	72
329	72
330	73
331	73
335	77
335	78
338	81
338	82
339	83
339	84
340	85
340	86
342	88
344	88
346	90
346	91
350	95
350	96
355	101
355	102
358	105
358	106
360	108
360	109
365	114
365	116
367	118
366	119
365	119
363	117
361	117
360	116
359	116
358	115
356	115
351	110
350	110
349	109
348	109
344	105
345	104
344	103
343	103
339	99
336	99
335	98
333	98
332	97
329	97
328	96
325	96
324	95
323	95
321	93
319	93
318	92
316	92
315	91
313	91
312	90
309	90
310	90
311	91
312	91
313	92
315	92
317	94
316	95
314	95
313	94
311	94
310	93
309	93
308	92
304	92
303	91
301	91
300	90
295	90
294	91
287	91
286	92
285	91
277	91
277	92
276	93
275	93
274	94
268	94
267	95
263	95
262	96
260	96
259	97
256	97
255	98
253	98
251	100
248	100
247	101
246	101
246	102
245	103
243	103
241	105
240	104
239	104
239	105
238	106
237	106
236	107
234	105
234	103
232	101
232	100
230	98
230	96
228	94
228	92
227	91
227	90
225	88
224	88
221	85
220	85
218	83
218	81
217	81
216	80
215	80
213	78
213	77
212	76
212	75
211	75
210	74
209	74
208	73
208	71
207	70
206	70
205	69
204	69
199	64
199	63
200	62
201	62
202	61
199	61
198	60
195	60
194	59
192	59
190	57
188	57
187	56
183	56
182	55
181	55
180	54
177	54
176	53
175	53
174	52
171	52
170	51
167	51
166	50
166	49
165	49
164	48
163	48
162	47
161	47
159	45
157	45
156	44
155	44
154	43
153	43
151	41
152	40
154	40
152	40
151	41
150	41
149	40
144	40
144	41
143	42
140	42
139	43
138	43
137	44
135	44
134	43
128	43
127	42
124	42
123	43
122	43
118	47
117	47
116	46
112	46
112	47
111	48
110	48
109	49
106	49
104	51
103	51
100	54
99	54
98	55
97	55
96	56
94	56
93	57
92	57
90	59
89	59
85	63
84	63
82	65
80	65
79	66
79	67
77	69
76	69
76	70
75	71
74	71
72	73
72	74
68	78
68	79
61	86
61	87
59	89
59	90
58	91
58	92
56	94
56	95
54	97
54	98
52	100
52	101
49	104
49	105
47	107
47	110
45	112
45	113
44	114
44	116
42	118
42	119
41	120
41	122
40	123
40	124
41	125
41	126
40	127
40	130
39	131
39	133
38	134
38	139
37	140
36	139
36	137
36	143
35	144
36	145
33	148
33	149
32	150
32	151
31	152
31	154
30	155
30	156
29	157
29	160
30	161
29	162
29	167
28	168
28	188
27	189
26	188
26	183
25	182
25	178
25	184
26	185
26	194
27	195
27	212
26	213
26	215
27	216
27	219
28	220
28	225
31	228
31	231
33	233
33	235
34	236
34	239
35	240
35	242
36	243
36	245
37	246
37	248
38	249
38	250
38	249
39	248
41	250
41	251
45	255
46	255
54	263
54	264
56	264
57	265
57	266
63	272
65	272
67	274
68	274
71	277
72	277
73	278
74	278
75	279
76	279
77	280
78	280
80	282
81	282
83	284
84	284
85	285
86	285
87	286
89	286
90	287
90	288
91	289
93	289
94	290
98	290
100	292
101	292
102	293
106	293
107	294
110	294
111	295
113	295
114	296
115	296
116	297
120	297
121	296
126	296
127	297
127	298
133	298
134	299
135	299
136	298
138	298
139	299
140	298
141	298
135	298
134	297
135	296
146	296
147	297
147	299
146	300
146	306
145	307
145	309
146	310
145	311
145	312
144	313
144	317
145	318
145	320
146	321
146	322
148	324
148	325
152	329
152	330
153	330
154	331
155	331
160	336
161	336
163	338
165	338
166	339
167	339
168	340
169	340
170	341
171	341
172	342
174	342
175	343
179	343
180	344
195	344
199	340
198	339
198	338
199	337
199	336
200	335
200	332
201	331
201	329
203	327
203	326
204	325
204	323
205	322
205	321
206	320
206	319
207	318
207	314
206	313
207	312
210	312
210	310
211	309
213	309
216	312
217	312
224	319
225	319
226	320
227	320
230	323
232	323
233	324
234	324
235	325
236	325
237	326
238	326
240	328
241	328
244	331
246	331
247	332
247	334
248	335
248	336
247	337
248	338
248	343
249	344
250	344
254	348
255	348
256	349
258	349
259	350
260	350
261	351
263	351
264	352
266	352
267	351
266	351
265	350
266	349
269	349
270	350
275	350
274	349
275	348
275	347
276	346
274	344
273	344
271	342
269	342
268	341
268	340
269	339
269	338
268	338
268	339
266	341
265	341
264	340
263	340
262	339
263	338
263	337
262	337
261	338
260	338
259	337
259	334
260	333
261	334
270	334
271	335
270	336
271	336
273	338
273	337
274	336
279	336
280	337
288	337
289	336
290	336
291	337
299	337
293	337
291	335
286	335
285	336
284	336
283	335
282	335
281	334
280	334
279	333
280	332
286	332
287	331
288	331
289	332
289	333
294	333
295	332
297	332
298	331
300	331
301	330
304	330
305	329
306	329
307	328
310	328
311	327
314	327
315	326
317	326
318	325
321	325
322	324
323	324
324	323
326	323
326	322
325	323
324	323
323	324
322	324
321	325
318	325
317	326
315	326
314	327
311	327
310	326
311	325
312	325
313	324
314	324
316	322
317	322
318	321
319	321
319	320
320	319
321	319
322	320
324	320
324	319
325	318
325	317
326	316
328	316
329	315
331	315
334	312
334	311
336	309
338	309
339	308
340	308
342	306
342	304
343	303
344	303
345	304
346	303
345	302
347	300
348	300
350	298
351	298
351	296
352	295
353	295
357	291
357	290
359	288
360	288
361	287
362	287
362	286
361	287
360	287
359	286
359	285
360	284
362	284
363	283
363	282
365	280
365	279
366	278
366	277
369	274
369	273
370	272
370	270
371	269
371	268
372	267
372	265
374	263
374	262
375	261
376	261
376	258
377	257
377	255
378	254
378	252
380	250
380	248
381	247
381	244
383	242
383	240
384	239
384	233
385	232
385	231
386	230
386	225
387	224
387	221
388	220
388	217
389	216
389	200
388	199
388	185
387	184
387	180
386	179
386	175
385	174
385	172
384	171
384	164
383	163
383	162
382	161
382	155
381	154
381	150
380	149
380	148
379	147
379	145
378	144
378	142
379	141
380	142
380	143
381	144
383	144
384	145
384	146
385	147
385	149
384	150
384	152
385	152
386	153
386	159
387	160
387	161
388	162
388	166
389	167
389	175
390	176
390	177
391	178
392	177
392	176
391	175
391	171
390	170
390	167
389	166
389	162
390	161
390	158
390	161
389	162
388	161
388	160
386	158
387	157
387	152
386	151
385	151
384	150
385	149
385	148
386	147
386	146
385	145
385	144
384	143
384	141
382	139
382	138
381	137
381	136
379	134
379	133
376	130
376	129
375	128
375	127
374	126
374	125
372	123
372	122
369	119
369	118
368	117
368	115
367	114
367	112
362	107
362	105
361	105
360	104
360	102
358	100
358	99
356	97
355	97
354	96
353	96
352	95
352	94
351	93
351	92
349	90
348	90
347	89
347	88
344	85
344	84
343	83
343	81
343	84
342	85
341	84
341	80
334	73
334	72
332	70
331	70
328	67
328	66
327	65
326	65
325	64
325	63
323	61
322	61
318	57
317	57
315	55
314	55
313	54
313	53
312	52
310	52
305	47
303	47
301	45
300	45
297	42
296	42
294	40
291	40
290	39
290	38
289	38
288	37
287	37
286	36
285	36
283	34
281	34
278	31
276	31
275	30
273	30
272	29
270	29
268	27
267	27
266	26
264	26
263	25
260	25
259	24
257	24
256	23
255	23
254	22
253	22
252	21
249	21
248	20
246	20
244	18
240	18
239	17
232	17
230	15
224	15
223	14
209	14
208	13
205	13
204	12
202	12
201	13
202	14
204	14
205	15
209	15
210	16
215	16
216	15
222	15
223	16
225	16
226	17
228	17
229	18
231	18
232	19
235	19
236	20
240	20
241	21
242	21
243	22
246	22
247	23
248	23
249	24
251	24
252	25
253	24
254	24
256	26
258	26
259	27
261	27
262	28
264	28
265	29
266	29
267	30
268	30
269	31
271	31
272	32
274	32
276	34
277	34
279	36
281	36
282	37
283	37
284	38
285	38
289	42
292	42
293	43
294	43
295	44
296	44
297	45
297	46
298	47
300	47
301	48
302	48
304	50
305	50
307	52
308	52
315	59
316	59
317	60
318	60
324	66
324	67
325	68
326	68
328	70
328	72
329	72
330	73
331	73
335	77
335	78
338	81
338	82
339	83
339	84
340	85
340	86
342	88
344	88
346	90
346	91
350	95
350	96
355	101
355	102
358	105
358	106
360	108
360	109
365	114
365	116
367	118
366	119
365	119
363	117
361	117
360	116
359	116
358	115
356	115
351	110
350	110
349	109
348	109
344	105
345	104
344	103
343	103
339	99
336	99
335	98
333	98
332	97
329	97
328	96
325	96
324	95
323	95
321	93
319	93
318	92
316	92
315	91
313	91
312	90
309	90
310	90
311	91
312	91
313	92
315	92
317	94
316	95
314	95
313	94
311	94
310	93
309	93
308	92
304	92
303	91
301	91
300	90
295	90
294	91
287	91
286	92
285	91
277	91
277	92
276	93
275	93
274	94
268	94
267	95
263	95
262	96
260	96
259	97
256	97
255	98
253	98
251	100
248	100
247	101
246	101
246	102
245	103
243	103
241	105
240	104
239	104
239	105
238	106
237	106
236	107
234	105
234	103
232	101
232	100
230	98
230	96
228	94
228	92
227	91
227	90
225	88
224	88
221	85
220	85
218	83
218	81
217	81
216	80
215	80
213	78
213	77
212	76
212	75
211	75
210	74
209	74
208	73
208	71
207	70
206	70
205	69
204	69
199	64
199	63
200	62
201	62
202	61
199	61
198	60
195	60
194	59
192	59
190	57
188	57
187	56
183	56
182	55
181	55
180	54
177	54
176	53
175	53
174	52
171	52
170	51
167	51
166	50
166	49
165	49
164	48
163	48
162	47
161	47
159	45
157	45
156	44
155	44
154	43
153	43
151	41
152	40
154	40
152	40
151	41
150	41
149	40
144	40
144	41
143	42
140	42
139	43
138	43
137	44
135	44
134	43
128	43
127	42
124	42
123	43
122	43
118	47
117	47
116	46
112	46
112	47
111	48
110	48
109	49
106	49
104	51
103	51
100	54
99	54
98	55
97	55
96	56
94	56
93	57
92	57
90	59
89	59
85	63
84	63
82	65
80	65
79	66
79	67
77	69
76	69
76	70
75	71
74	71
72	73
72	74
68	78
68	79
61	86
61	87
59	89
59	90
58	91
58	92
56	94
56	95
54	97
54	98
52	100
52	101
49	104
49	105
47	107
47	110
45	112
45	113
44	114
44	116
42	118
42	119
41	120
41	122
40	123
40	124
41	125
41	126
40	127
40	130
39	131
39	133
38	134
38	139
37	140
36	139
36	137
36	143
35	144
36	145
33	148
33	149
32	150
32	151
31	152
31	154
30	155
30	156
29	157
29	160
30	161
29	162
29	167
28	168
28	188
27	189
26	188
26	183
25	182
25	178
25	184
26	185
26	194
27	195
27	212
26	213
26	215
27	216
27	219
28	220
28	225
31	228
31	231
33	233
33	235
34	236
34	239
35	240
35	242
36	243
36	245
37	246
37	248
38	249
38	250
38	249
39	248
41	250
41	251
45	255
46	255
54	263
54	264
56	264
57	265
57	266
63	272
65	272
67	274
68	274
71	277
72	277
73	278
74	278
75	279
76	279
77	280
78	280
80	282
81	282
83	284
84	284
85	285
86	285
87	286
89	286
90	287
90	288
91	289
93	289
94	290
98	290
100	292
101	292
102	293
106	293
107	294
110	294
111	295
113	295
114	296
115	296
116	297
120	297
121	296
126	296
127	297
127	298
133	298
134	299
135	299
136	298
138	298
139	299
140	298
141	298
135	298
134	297
135	296
146	296
147	297
147	299
146	300
146	306
145	307
145	309
146	310
145	311
145	312
144	313
144	317
145	318
145	320
146	321
146	322
148	324
148	325
152	329
152	330
153	330
154	331
155	331
160	336
161	336
163	338
165	338
166	339
167	339
168	340
169	340
170	341
171	341
172	342
174	342
175	343
179	343
180	344
195	344
199	340
198	339
198	338
199	337
199	336
200	335
200	332
201	331
201	329
203	327
203	326
204	325
204	323
205	322
205	321
206	320
206	319
207	318
207	314
206	313
207	312
210	312
210	310
211	309
213	309
216	312
217	312
224	319
225	319
226	320
227	320
230	323
232	323
233	324
234	324
235	325
236	325
237	326
238	326
240	328
241	328
244	331
246	331
247	332
247	334
248	335
248	336
247	337
248	338
248	343
249	344
250	344
254	348
255	348
256	349
258	349
259	350
260	350
261	351
263	351
264	352
266	352
267	351
266	351
265	350
266	349
269	349
270	350
275	350
274	349
275	348
275	347
276	346
274	344
273	344
271	342
269	342
268	341
268	340
269	339
269	338
268	338
268	339
266	341
265	341
264	340
263	340
262	339
263	338
263	337
262	337
261	338
260	338
259	337
259	334
260	333
261	334
270	334
271	335
270	336
271	336
273	338
273	337
274	336
279	336
280	337
288	337
289	336
290	336
291	337
299	337
293	337
291	335
286	335
285	336
284	336
283	335
282	335
281	334
280	334
279	333
280	332
286	332
287	331
288	331
289	332
289	333
294	333
295	332
297	332
298	331
300	331
301	330
304	330
305	329
306	329
307	328
310	328
311	327
314	327
315	326
317	326
318	325
321	325
322	324
323	324
324	323
326	323
326	322
325	323
324	323
323	324
322	324
321	325
318	325
317	326
315	326
314	327
311	327
310	326
311	325
312	325
313	324
314	324
316	322
317	322
318	321
319	321
319	320
320	319
321	319
322	320
324	320
324	319
325	318
325	317
326	316
328	316
329	315
331	315
334	312
334	311
336	309
338	309
339	308
340	308
342	306
342	304
343	303
344	303
345	304
346	303
345	302
347	300
348	300
350	298
351	298
351	296
352	295
353	295
357	291
357	290
359	288
360	288
361	287
362	287
362	286
361	287
360	287
359	286
359	285
360	284
362	284
363	283
363	282
365	280
365	279
366	278
366	277
369	274
369	273
370	272
370	270
371	269
371	268
372	267
372	265
374	263
374	262
375	261
376	261
376	258
377	257
377	255
378	254
378	252
380	250
380	248
381	247
381	244
383	242
383	240
384	239
384	233
385	232
385	231
386	230
386	225
387	224
387	221
388	220
388	217
389	216
389	200
388	199
388	185
387	184
387	180
386	179
386	175
385	174
385	172
384	171
384	164
383	163
383	162
382	161
382	155
381	154
381	150
380	149
380	148
379	147
379	145
378	144
378	142
379	141
380	142
380	143
381	144
383	144
384	145
384	146
385	147
385	149
384	150
384	152
385	152
386	153
386	159
387	160
387	161
388	162
388	166
389	167
389	175
390	176
390	177
391	178
392	177
392	176
391	175
391	171
390	170
390	167
389	166
389	162
390	161
390	158
390	161
389	162
388	161
388	160
386	158
387	157
387	152
386	151
385	151
384	150
385	149
385	148
386	147
386	146
385	145
385	144
384	143
384	141
382	139
382	138
381	137
381	136
379	134
379	133
376	130
376	129
375	128
375	127
374	126
374	125
372	123
372	122
369	119
369	118
368	117
368	115
367	114
367	112
362	107
362	105
361	105
360	104
360	102
358	100
358	99
356	97
355	97
354	96
353	96
352	95
352	94
351	93
351	92
349	90
348	90
347	89
347	88
344	85
344	84
343	83
343	81
343	84
342	85
341	84
341	80
334	73
334	72
332	70
331	70
328	67
328	66
327	65
326	65
325	64
325	63
323	61
322	61
318	57
317	57
315	55
314	55
313	54
313	53
312	52
310	52
305	47
303	47
301	45
300	45
297	42
296	42
294	40
291	40
290	39
290	38
289	38
288	37
287	37
286	36
285	36
283	34
281	34
278	31
276	31
275	30
273	30
272	29
270	29
268	27
267	27
266	26
264	26
263	25
260	25
259	24
257	24
256	23
255	23
254	22
253	22
252	21
249	21
248	20
246	20
244	18
240	18
239	17
232	17
230	15
224	15
223	14
209	14
208	13
205	13
204	12
202	12
201	13
202	14
204	14
205	15
209	15
210	16
215	16
216	15
222	15
223	16
225	16
226	17
228	17
229	18
231	18
232	19
235	19
236	20
240	20
241	21
242	21
243	22
246	22
247	23
248	23
249	24
251	24
252	25
253	24
254	24
256	26
258	26
259	27
261	27
262	28
264	28
265	29
266	29
267	30
268	30
269	31
271	31
272	32
274	32
276	34
277	34
279	36
281	36
282	37
283	37
284	38
285	38
289	42
292	42
293	43
294	43
295	44
296	44
297	45
297	46
298	47
300	47
301	48
302	48
304	50
305	50
307	52
308	52
315	59
316	59
317	60
318	60
324	66
324	67
325	68
326	68
328	70
328	72
329	72
330	73
331	73
335	77
335	78
338	81
338	82
339	83
339	84
340	85
340	86
342	88
344	88
346	90
346	91
350	95
350	96
355	101
355	102
358	105
358	106
360	108
360	109
365	114
365	116
367	118
366	119
365	119
363	117
361	117
360	116
359	116
358	115
356	115
351	110
350	110
349	109
348	109
344	105
345	104
344	103
343	103
339	99
336	99
335	98
333	98
332	97
329	97
328	96
325	96
324	95
323	95
321	93
319	93
318	92
316	92
315	91
313	91
312	90
309	90
310	90
311	91
312	91
313	92
315	92
317	94
316	95
314	95
313	94
311	94
310	93
309	93
308	92
304	92
303	91
301	91
300	90
295	90
294	91
287	91
286	92
285	91
277	91
277	92
276	93
275	93
274	94
268	94
267	95
263	95
262	96
260	96
259	97
256	97
255	98
253	98
251	100
248	100
247	101
246	101
246	102
245	103
243	103
241	105
240	104
239	104
239	105
238	106
237	106
236	107
234	105
234	103
232	101
232	100
230	98
230	96
228	94
228	92
227	91
227	90
225	88
224	88
221	85
220	85
218	83
218	81
217	81
216	80
215	80
213	78
213	77
212	76
212	75
211	75
210	74
209	74
208	73
208	71
207	70
206	70
205	69
204	69
199	64
199	63
200	62
201	62
202	61
199	61
198	60
195	60
194	59
192	59
190	57
188	57
187	56
183	56
182	55
181	55
180	54
177	54
176	53
175	53
174	52
171	52
170	51
167	51
166	50
166	49
165	49
164	48
163	48
162	47
161	47
159	45
157	45
156	44
155	44
154	43
153	43
151	41
152	40
154	40
152	40
151	41
150	41
149	40
144	40
144	41
143	42
140	42
139	43
138	43
137	44
135	44
134	43
128	43
127	42
124	42
123	43
122	43
118	47
117	47
116	46
112	46
112	47
111	48
110	48
109	49
106	49
104	51
103	51
100	54
99	54
98	55
97	55
96	56
94	56
93	57
92	57
90	59
89	59
85	63
84	63
82	65
80	65
79	66
79	67
77	69
76	69
76	70
75	71
74	71
72	73
72	74
68	78
68	79
61	86
61	87
59	89
59	90
58	91
58	92
56	94
56	95
54	97
54	98
52	100
52	101
49	104
49	105
47	107
47	110
45	112
45	113
44	114
44	116
42	118
42	119
41	120
41	122
40	123
40	124
41	125
41	126
40	127
40	130
39	131
39	133
38	134
38	139
37	140
36	139
36	137
36	143
35	144
36	145
33	148
33	149
32	150
32	151
31	152
31	154
30	155
30	156
29	157
29	160
30	161
29	162
29	167
28	168
28	188
27	189
26	188
26	183
25	182
25	178
25	184
26	185
26	194
27	195
27	212
26	213
26	215
27	216
27	219
28	220
28	225
31	228
31	231
33	233
33	235
34	236
34	239
35	240
35	242
36	243
36	245
37	246
37	248
38	249
38	250
38	249
39	248
41	250
41	251
45	255
46	255
54	263
54	264
56	264
57	265
57	266
63	272
65	272
67	274
68	274
71	277
72	277
73	278
74	278
75	279
76	279
77	280
78	280
80	282
81	282
83	284
84	284
85	285
86	285
87	286
89	286
90	287
90	288
91	289
93	289
94	290
98	290
100	292
101	292
102	293
106	293
107	294
110	294
111	295
113	295
114	296
115	296
116	297
120	297
121	296
126	296
127	297
127	298
133	298
134	299
135	299
136	298
138	298
139	299
140	298
141	298
135	298
134	297
135	296
146	296
147	297
147	299
146	300
146	306
145	307
145	309
146	310
145	311
145	312
144	313
144	317
145	318
145	320
146	321
146	322
148	324
148	325
152	329
152	330
153	330
154	331
155	331
160	336
161	336
163	338
165	338
166	339
167	339
168	340
169	340
170	341
171	341
172	342
174	342
175	343
179	343
180	344
195	344
199	340
198	339
198	338
199	337
199	336
200	335
200	332
201	331
201	329
203	327
203	326
204	325
204	323
205	322
205	321
206	320
206	319
207	318
207	314
206	313
207	312
210	312
210	310
211	309
213	309
216	312
217	312
224	319
225	319
226	320
227	320
230	323
232	323
233	324
234	324
235	325
236	325
237	326
238	326
240	328
241	328
244	331
246	331
247	332
247	334
248	335
248	336
247	337
248	338
248	343
249	344
250	344
254	348
255	348
256	349
258	349
259	350
260	350
261	351
263	351
264	352
266	352
267	351
266	351
265	350
266	349
269	349
270	350
275	350
274	349
275	348
275	347
276	346
274	344
273	344
271	342
269	342
268	341
268	340
269	339
269	338
268	338
268	339
266	341
265	341
264	340
263	340
262	339
263	338
263	337
262	337
261	338
260	338
259	337
259	334
260	333
261	334
270	334
271	335
270	336
271	336
273	338
273	337
274	336
279	336
280	337
288	337
289	336
290	336
291	337
299	337
293	337
291	335
286	335
285	336
284	336
283	335
282	335
281	334
280	334
279	333
280	332
286	332
287	331
288	331
289	332
289	333
294	333
295	332
297	332
298	331
300	331
301	330
304	330
305	329
306	329
307	328
310	328
311	327
314	327
315	326
317	326
318	325
321	325
322	324
323	324
324	323
326	323
326	322
325	323
324	323
323	324
322	324
321	325
318	325
317	326
315	326
314	327
311	327
310	326
311	325
312	325
313	324
314	324
316	322
317	322
318	321
319	321
319	320
320	319
321	319
322	320
324	320
324	319
325	318
325	317
326	316
328	316
329	315
331	315
334	312
334	311
336	309
338	309
339	308
340	308
342	306
342	304
343	303
344	303
345	304
346	303
345	302
347	300
348	300
350	298
351	298
351	296
352	295
353	295
357	291
357	290
359	288
360	288
361	287
362	287
362	286
361	287
360	287
359	286
359	285
360	284
362	284
363	283
363	282
365	280
365	279
366	278
366	277
369	274
369	273
370	272
370	270
371	269
371	268
372	267
372	265
374	263
374	262
375	261
376	261
376	258
377	257
377	255
378	254
378	252
380	250
380	248
381	247
381	244
383	242
383	240
384	239
384	233
385	232
385	231
386	230
386	225
387	224
387	221
388	220
388	217
389	216
389	200
388	199
388	185
387	184
387	180
386	179
386	175
385	174
385	172
384	171
384	164
383	163
383	162
382	161
382	155
381	154
381	150
380	149
380	148
379	147
379	145
378	144
378	142
379	141
380	142
380	143
381	144
383	144
384	145
384	146
385	147
385	149
384	150
384	152
385	152
386	153
386	159
387	160
387	161
388	162
388	166
389	167
389	175
390	176
390	177
391	178
392	177
392	176
391	175
391	171
390	170
390	167
389	166
389	162
390	161
390	158
390	161
389	162
388	161
388	160
386	158
387	157
387	152
386	151
385	151
384	150
385	149
385	148
386	147
386	146
385	145
385	144
384	143
384	141
382	139
382	138
381	137
381	136
379	134
379	133
376	130
376	129
375	128
375	127
374	126
374	125
372	123
372	122
369	119
369	118
368	117
368	115
367	114
367	112
362	107
362	105
361	105
360	104
360	102
358	100
358	99
356	97
355	97
354	96
353	96
352	95
352	94
351	93
351	92
349	90
348	90
347	89
347	88
344	85
344	84
343	83
343	81
343	84
342	85
341	84
341	80
334	73
334	72
332	70
331	70
328	67
328	66
327	65
326	65
325	64
325	63
323	61
322	61
318	57
317	57
315	55
314	55
313	54
313	53
312	52
310	52
305	47
303	47
301	45
300	45
297	42
296	42
294	40
291	40
290	39
290	38
289	38
288	37
287	37
286	36
285	36
283	34
281	34
278	31
276	31
275	30
273	30
272	29
270	29
268	27
267	27
266	26
264	26
263	25
260	25
259	24
257	24
256	23
255	23
254	22
253	22
252	21
249	21
248	20
246	20
244	18
240	18
239	17
232	17
230	15
224	15
223	14
209	14
208	13
205	13
204	12
202	12
201	13
202	14
204	14
205	15
209	15
210	16
215	16
216	15
222	15
223	16
225	16
226	17
228	17
229	18
231	18
232	19
235	19
236	20
240	20
241	21
242	21
243	22
246	22
247	23
248	23
249	24
251	24
252	25
253	24
254	24
256	26
258	26
259	27
261	27
262	28
264	28
265	29
266	29
267	30
268	30
269	31
271	31
272	32
274	32
276	34
277	34
279	36
281	36
282	37
283	37
284	38
285	38
289	42
292	42
293	43
294	43
295	44
296	44
297	45
297	46
298	47
300	47
301	48
302	48
304	50
305	50
307	52
308	52
315	59
316	59
317	60
318	60
324	66
324	67
325	68
326	68
328	70
328	72
329	72
330	73
331	73
335	77
335	78
338	81
338	82
339	83
339	84
340	85
340	86
342	88
344	88
346	90
346	91
350	95
350	96
355	101
355	102
358	105
358	106
360	108
360	109
365	114
365	116
367	118
366	119
365	119
363	117
361	117
360	116
359	116
358	115
356	115
351	110
350	110
349	109
348	109
344	105
345	104
344	103
343	103
339	99
336	99
335	98
333	98
332	97
329	97
328	96
325	96
324	95
323	95
321	93
319	93
318	92
316	92
315	91
313	91
312	90
309	90
310	90
311	91
312	91
313	92
315	92
317	94
316	95
314	95
313	94
311	94
310	93
309	93
308	92
304	92
303	91
301	91
300	90
295	90
294	91
287	91
286	92
285	91
277	91
277	92
276	93
275	93
274	94
268	94
267	95
263	95
262	96
260	96
259	97
256	97
255	98
253	98
251	100
248	100
247	101
246	101
246	102
245	103
243	103
241	105
240	104
239	104
239	105
238	106
237	106
236	107
234	105
234	103
232	101
232	100
230	98
230	96
228	94
228	92
227	91
227	90
225	88
224	88
221	85
220	85
218	83
218	81
217	81
216	80
215	80
213	78
213	77
212	76
212	75
211	75
210	74
209	74
208	73
208	71
207	70
206	70
205	69
204	69
199	64
199	63
200	62
201	62
202	61
199	61
198	60
195	60
194	59
192	59
190	57
188	57
187	56
183	56
182	55
181	55
180	54
177	54
176	53
175	53
174	52
171	52
170	51
167	51
166	50
166	49
165	49
164	48
163	48
162	47
161	47
159	45
157	45
156	44
155	44
154	43
153	43
151	41
152	40
154	40
152	40
151	41
150	41
149	40
144	40
144	41
143	42
140	42
139	43
138	43
137	44
135	44
134	43
128	43
127	42
124	42
123	43
122	43
118	47
117	47
116	46
112	46
112	47
111	48
110	48
109	49
106	49
104	51
103	51
100	54
99	54
98	55
97	55
96	56
94	56
93	57
92	57
90	59
89	59
85	63
84	63
82	65
80	65
79	66
79	67
77	69
76	69
76	70
75	71
74	71
72	73
72	74
68	78
68	79
61	86
61	87
59	89
59	90
58	91
58	92
56	94
56	95
54	97
54	98
52	100
52	101
49	104
49	105
47	107
47	110
45	112
45	113
44	114
44	116
42	118
42	119
41	120
41	122
40	123
40	124
41	125
41	126
40	127
40	130
39	131
39	133
38	134
38	139
37	140
36	139
36	137
36	143
35	144
36	145
33	148
33	149
32	150
32	151
31	152
31	154
30	155
30	156
29	157
29	160
30	161
29	162
29	167
28	168
28	188
27	189
26	188
26	183
25	182
25	178
25	184
26	185
26	194
27	195
27	212
26	213
26	215
27	216
27	219
28	220
28	225
31	228
31	231
33	233
33	235
34	236
34	239
35	240
35	242
36	243
36	245
37	246
37	248
38	249
38	250
38	249
39	248
41	250
41	251
45	255
46	255
54	263
54	264
56	264
57	265
57	266
63	272
65	272
67	274
68	274
71	277
72	277
73	278
74	278
75	279
76	279
77	280
78	280
80	282
81	282
83	284
84	284
85	285
86	285
87	286
89	286
90	287
90	288
91	289
93	289
94	290
98	290
100	292
101	292
102	293
106	293
107	294
110	294
111	295
113	295
114	296
115	296
116	297
120	297
121	296
126	296
127	297
127	298
133	298
134	299
135	299
136	298
138	298
139	299
140	298
141	298
135	298
134	297
135	296
146	296
147	297
147	299
146	300
146	306
145	307
145	309
146	310
145	311
145	312
144	313
144	317
145	318
145	320
146	321
146	322
148	324
148	325
152	329
152	330
153	330
154	331
155	331
160	336
161	336
163	338
165	338
166	339
167	339
168	340
169	340
170	341
171	341
172	342
174	342
175	343
179	343
180	344
195	344
199	340
198	339
198	338
199	337
199	336
200	335
200	332
201	331
201	329
203	327
203	326
204	325
204	323
205	322
205	321
206	320
206	319
207	318
207	314
206	313
207	312
210	312
210	310
211	309
213	309
216	312
217	312
224	319
225	319
226	320
227	320
230	323
232	323
233	324
234	324
235	325
236	325
237	326
238	326
240	328
241	328
244	331
246	331
247	332
247	334
248	335
248	336
247	337
248	338
248	343
249	344
250	344
254	348
255	348
256	349
258	349
259	350
260	350
261	351
263	351
264	352
266	352
267	351
266	351
265	350
266	349
269	349
270	350
275	350
274	349
275	348
275	347
276	346
274	344
273	344
271	342
269	342
268	341
268	340
269	339
269	338
268	338
268	339
266	341
265	341
264	340
263	340
262	339
263	338
263	337
262	337
261	338
260	338
259	337
259	334
260	333
261	334
270	334
271	335
270	336
271	336
273	338
273	337
274	336
279	336
280	337
288	337
289	336
290	336
291	337
299	337
293	337
291	335
286	335
285	336
284	336
283	335
282	335
281	334
280	334
279	333
280	332
286	332
287	331
288	331
289	332
289	333
294	333
295	332
297	332
298	331
300	331
301	330
304	330
305	329
306	329
307	328
310	328
311	327
314	327
315	326
317	326
318	325
321	325
322	324
323	324
324	323
326	323
326	322
325	323
324	323
323	324
322	324
321	325
318	325
317	326
315	326
314	327
311	327
310	326
311	325
312	325
313	324
314	324
316	322
317	322
318	321
319	321
319	320
320	319
321	319
322	320
324	320
324	319
325	318
325	317
326	316
328	316
329	315
331	315
334	312
334	311
336	309
338	309
339	308
340	308
342	306
342	304
343	303
344	303
345	304
346	303
345	302
347	300
348	300
350	298
351	298
351	296
352	295
353	295
357	291
357	290
359	288
360	288
361	287
362	287
362	286
361	287
360	287
359	286
359	285
360	284
362	284
363	283
363	282
365	280
365	279
366	278
366	277
369	274
369	273
370	272
370	270
371	269
371	268
372	267
372	265
374	263
374	262
375	261
376	261
376	258
377	257
377	255
378	254
378	252
380	250
380	248
381	247
381	244
383	242
383	240
384	239
384	233
385	232
385	231
386	230
386	225
387	224
387	221
388	220
388	217
389	216
389	200
388	199
388	185
387	184
387	180
386	179
386	175
385	174
385	172
384	171
384	164
383	163
383	162
382	161
382	155
381	154
381	150
380	149
380	148
379	147
379	145
378	144
378	142
379	141
380	142
380	143
381	144
383	144
384	145
384	146
385	147
385	149
384	150
384	152
385	152
386	153
386	159
387	160
387	161
388	162
388	166
389	167
389	175
390	176
390	177
391	178
392	177
392	176
391	175
391	171
390	170
390	167
389	166
389	162
390	161
390	158
390	161
389	162
388	161
388	160
386	158
387	157
387	152
386	151
385	151
384	150
385	149
385	148
386	147
386	146
385	145
385	144
384	143
384	141
382	139
382	138
381	137
381	136
379	134
379	133
376	130
376	129
375	128
375	127
374	126
374	125
372	123
372	122
369	119
369	118
368	117
368	115
367	114
367	112
362	107
362	105
361	105
360	104
360	102
358	100
358	99
356	97
355	97
354	96
353	96
352	95
352	94
351	93
351	92
349	90
348	90
347	89
347	88
344	85
344	84
343	83
343	81
343	84
342	85
341	84
341	80
334	73
334	72
332	70
331	70
328	67
328	66
327	65
326	65
325	64
325	63
323	61
322	61
318	57
317	57
315	55
314	55
313	54
313	53
312	52
310	52
305	47
303	47
301	45
300	45
297	42
296	42
294	40
291	40
290	39
290	38
289	38
288	37
287	37
286	36
285	36
283	34
281	34
278	31
276	31
275	30
273	30
272	29
270	29
268	27
267	27
266	26
264	26
263	25
260	25
259	24
257	24
256	23
255	23
254	22
253	22
252	21
249	21
248	20
246	20
244	18
240	18
239	17
232	17
230	15
224	15
223	14
209	14
208	13
205	13
204	12
