204	15
206	15
207	16
211	16
212	17
215	17
216	16
223	16
224	17
227	17
228	18
229	18
230	19
232	19
233	20
236	20
237	21
239	21
240	22
242	22
243	23
245	23
246	24
248	24
249	25
251	25
252	26
256	26
257	27
259	27
261	29
263	29
264	30
267	30
268	31
270	31
272	33
274	33
275	34
276	34
277	35
278	35
279	36
279	37
280	37
281	38
283	38
284	39
286	39
287	40
287	41
289	43
291	43
292	44
295	44
297	46
297	47
298	48
300	48
301	49
302	49
304	51
305	51
307	53
308	53
314	59
315	59
318	62
318	63
319	63
320	64
321	64
323	66
323	67
326	70
326	71
327	71
330	74
331	74
333	76
334	76
335	77
335	79
339	83
339	84
340	85
340	86
342	88
343	88
344	89
345	88
346	89
346	91
350	95
350	96
354	100
354	101
355	101
356	102
356	103
357	104
357	105
360	108
360	109
362	111
362	112
365	115
365	116
367	118
367	119
366	120
365	120
364	119
364	118
360	118
359	117
359	116
357	116
358	117
359	117
360	118
360	119
359	120
358	120
356	118
354	118
353	117
352	117
349	114
349	113
347	113
345	111
344	111
341	108
340	108
339	107
338	107
337	106
337	105
335	105
334	104
334	103
335	102
337	102
341	106
342	106
345	109
347	109
349	111
350	111
352	113
353	113
354	114
355	114
354	113
353	113
351	111
350	111
344	105
342	105
339	102
338	102
337	101
335	101
334	100
330	100
333	100
334	101
334	102
333	103
332	103
331	102
329	102
328	101
327	101
326	100
325	100
324	99
325	98
327	98
328	99
328	98
327	98
325	96
324	96
323	95
322	95
320	93
319	93
318	92
316	92
315	91
312	91
311	90
310	90
311	90
312	91
312	92
313	92
314	93
315	93
318	96
317	97
316	97
315	96
313	96
312	95
310	95
309	94
308	94
307	93
305	93
304	92
302	92
301	91
296	91
295	92
279	92
278	93
276	93
275	92
272	92
271	93
266	93
264	95
260	95
258	97
254	97
253	98
251	98
250	99
249	99
248	100
247	100
246	101
245	101
243	103
236	103
234	101
234	100
233	99
233	100
232	101
231	100
231	98
232	97
230	95
230	94
229	93
229	91
228	90
228	89
227	88
226	88
223	85
222	85
221	84
219	84
218	83
217	84
216	83
216	82
215	81
215	77
214	76
214	75
212	73
211	73
209	71
208	71
207	70
206	70
205	69
204	69
202	67
202	66
200	64
200	63
199	62
199	61
197	61
196	60
194	60
193	59
190	59
189	58
188	58
187	57
185	57
184	56
180	56
178	54
175	54
174	53
172	53
170	51
167	51
166	50
165	50
164	49
163	49
161	47
160	47
159	46
158	46
157	45
156	45
154	43
152	43
151	42
146	42
145	43
144	43
142	45
140	45
139	46
138	46
137	47
136	47
135	46
131	46
130	45
124	45
123	46
122	46
121	47
117	47
116	48
114	48
113	49
112	49
111	50
110	50
109	51
108	51
107	52
106	52
104	54
103	54
101	56
100	56
99	57
97	57
96	58
95	58
93	60
92	60
91	61
90	61
88	63
87	63
85	65
84	65
82	67
80	67
79	68
79	69
76	72
76	73
74	75
73	75
71	77
71	78
70	79
69	79
69	80
67	82
67	83
66	84
65	84
64	85
64	86
62	88
61	88
61	89
59	91
59	92
58	93
58	94
56	96
56	97
54	99
54	100
53	101
53	102
52	103
51	103
51	104
50	105
50	106
49	107
49	108
47	110
47	113
44	116
44	118
42	120
42	123
41	124
41	125
40	126
40	128
41	127
42	128
42	129
41	130
40	130
40	134
39	135
39	136
38	137
38	138
37	139
37	141
36	142
36	146
34	148
34	151
33	152
33	154
32	155
32	157
31	158
31	168
30	169
30	188
29	189
29	191
30	192
30	196
29	197
28	196
28	193
27	192
27	177
27	178
26	179
26	194
28	196
28	205
29	206
29	209
30	210
30	216
31	217
31	220
30	221
29	220
29	218
28	217
28	216
27	215
27	214
26	213
27	214
27	215
28	216
28	220
29	221
29	225
31	227
30	226
30	221
31	220
32	221
32	222
33	223
33	226
34	227
34	228
35	229
35	230
36	231
36	233
37	234
37	236
38	237
38	238
39	239
39	240
40	241
40	243
39	244
39	247
39	244
40	243
41	244
41	246
44	249
44	250
46	252
46	253
47	253
48	254
48	255
57	264
57	265
58	266
59	266
64	271
64	272
65	273
66	273
67	274
68	274
69	275
70	275
73	278
74	278
75	279
76	279
77	280
78	280
80	282
81	282
83	284
84	284
85	285
86	285
87	286
87	287
90	287
91	288
91	289
92	289
93	290
94	290
95	291
97	291
98	292
100	292
102	294
106	294
107	295
113	295
114	296
115	296
116	297
117	297
118	298
127	298
129	300
137	300
138	301
140	301
141	300
142	300
143	301
147	301
148	302
147	303
147	306
148	307
148	312
147	313
147	321
148	322
148	323
149	324
149	325
150	326
150	327
154	331
155	331
159	335
160	335
163	338
165	338
167	340
168	340
169	341
170	341
171	342
172	342
173	343
178	343
179	344
183	344
184	345
196	345
196	343
197	342
199	342
200	341
201	341
206	336
207	336
207	335
209	333
210	333
209	333
208	332
210	330
210	329
211	328
212	328
212	325
211	324
211	315
212	314
212	312
213	311
214	312
214	313
216	315
216	317
217	316
219	318
220	318
222	320
222	321
223	322
223	323
224	324
226	324
225	324
224	323
224	322
225	321
226	322
228	322
229	323
230	323
231	324
232	324
233	325
235	325
236	326
237	326
238	327
239	327
240	328
241	328
244	331
246	331
248	333
249	333
250	334
250	336
252	334
253	335
253	339
254	340
254	345
255	345
256	346
257	346
258	347
258	348
262	348
263	349
263	350
264	351
271	351
272	350
275	350
276	349
277	349
278	350
280	348
280	343
281	342
283	342
284	343
288	343
285	343
283	341
284	340
282	340
281	341
280	341
278	343
277	342
273	342
272	341
272	338
271	337
271	341
270	342
268	340
267	340
266	339
266	337
267	336
267	335
268	334
270	334
271	335
277	335
278	336
284	336
287	339
287	337
288	336
303	336
302	335
297	335
296	334
298	332
300	332
301	331
302	331
303	330
304	330
305	329
306	329
307	328
310	328
312	326
316	326
318	324
321	324
322	323
323	323
324	322
325	322
326	321
327	321
328	320
330	320
333	317
334	317
335	316
336	316
339	313
340	313
341	312
342	312
340	312
337	315
336	315
335	316
334	316
331	319
330	319
329	320
328	320
327	321
326	321
325	322
324	322
323	323
322	323
321	324
318	324
316	326
314	326
313	325
314	324
315	324
318	321
319	322
319	321
320	320
323	320
325	318
325	317
326	316
327	316
329	314
331	314
332	313
333	313
334	312
335	312
339	308
340	308
344	304
345	304
347	302
348	302
349	303
348	304
348	305
349	305
353	301
354	301
355	300
356	300
360	296
360	295
362	293
363	293
363	292
366	289
366	287
369	284
369	283
370	282
370	280
374	276
374	274
375	273
375	272
376	271
375	271
375	272
374	273
373	273
373	275
371	277
370	277
369	278
369	279
368	280
369	281
368	282
367	282
367	283
364	286
364	287
363	288
363	289
362	290
362	291
360	293
359	293
359	294
356	297
356	298
354	300
353	300
351	302
350	302
348	300
348	299
350	297
351	297
353	295
354	295
355	294
355	293
357	291
357	290
361	286
361	285
363	283
363	282
364	281
364	280
365	279
366	279
367	278
367	275
368	274
368	273
369	272
370	272
370	271
371	270
371	267
373	265
373	264
375	262
375	261
376	260
376	257
377	256
377	254
379	252
379	250
380	249
380	248
381	247
381	245
382	244
382	243
383	242
383	240
384	239
384	235
385	234
385	231
386	230
386	226
387	225
387	220
388	219
388	216
389	215
389	200
388	199
388	185
387	184
387	181
386	180
386	175
385	174
385	172
384	171
384	169
383	168
383	165
382	164
382	163
381	162
381	160
382	159
382	158
381	157
381	153
380	152
380	150
379	149
379	148
378	147
378	146
377	145
377	143
378	142
380	144
380	145
381	146
381	148
382	149
382	150
383	151
383	152
384	153
384	157
386	159
386	160
387	161
387	163
388	164
388	166
389	167
389	172
390	173
390	176
391	177
391	183
392	184
392	175
391	174
391	170
390	169
390	165
389	164
390	163
390	161
388	159
388	158
387	157
387	153
384	150
384	145
383	144
383	142
381	140
381	139
380	138
380	137
379	136
379	134
376	131
376	130
375	129
375	128
374	127
374	126
372	124
372	123
371	122
371	121
368	118
368	115
367	114
367	112
362	107
362	106
359	103
359	101
358	100
358	99
357	98
356	98
354	96
353	96
352	95
352	94
351	93
351	92
350	91
349	91
347	89
347	88
346	87
345	87
344	86
344	85
341	82
341	81
336	76
336	75
333	72
333	71
332	71
329	68
328	68
325	65
325	64
324	63
323	63
322	62
322	61
321	60
320	61
317	58
317	57
316	57
314	55
313	55
312	54
312	53
311	53
310	52
309	52
308	51
308	50
307	50
306	49
305	49
303	47
299	47
297	45
298	44
299	44
298	44
297	43
295	43
294	42
292	42
287	37
286	37
285	36
283	36
282	35
281	35
280	34
279	34
278	33
278	32
274	32
271	29
269	29
268	28
266	28
265	27
263	27
262	26
261	26
260	25
259	25
258	24
254	24
253	23
249	23
247	21
246	21
245	20
244	20
243	19
240	19
239	18
230	18
228	16
223	16
222	15
215	15
214	16
211	16
210	15
204	15
206	15
207	16
211	16
212	17
215	17
216	16
223	16
224	17
227	17
228	18
229	18
230	19
232	19
233	20
236	20
237	21
239	21
240	22
242	22
243	23
245	23
246	24
248	24
249	25
251	25
252	26
256	26
257	27
259	27
261	29
263	29
264	30
267	30
268	31
270	31
272	33
274	33
275	34
276	34
277	35
278	35
279	36
279	37
280	37
281	38
283	38
284	39
286	39
287	40
287	41
289	43
291	43
292	44
295	44
297	46
297	47
298	48
300	48
301	49
302	49
304	51
305	51
307	53
308	53
314	59
315	59
318	62
318	63
319	63
320	64
321	64
323	66
323	67
326	70
326	71
327	71
330	74
331	74
333	76
334	76
335	77
335	79
339	83
339	84
340	85
340	86
342	88
343	88
344	89
345	88
346	89
346	91
350	95
350	96
354	100
354	101
355	101
356	102
356	103
357	104
357	105
360	108
360	109
362	111
362	112
365	115
365	116
367	118
367	119
366	120
365	120
364	119
364	118
360	118
359	117
359	116
357	116
358	117
359	117
360	118
360	119
359	120
358	120
356	118
354	118
353	117
352	117
349	114
349	113
347	113
345	111
344	111
341	108
340	108
339	107
338	107
337	106
337	105
335	105
334	104
334	103
335	102
337	102
341	106
342	106
345	109
347	109
349	111
350	111
352	113
353	113
354	114
355	114
354	113
353	113
351	111
350	111
344	105
342	105
339	102
338	102
337	101
335	101
334	100
330	100
333	100
334	101
334	102
333	103
332	103
331	102
329	102
328	101
327	101
326	100
325	100
324	99
325	98
327	98
328	99
328	98
327	98
325	96
324	96
323	95
322	95
320	93
319	93
318	92
316	92
315	91
312	91
311	90
310	90
311	90
312	91
312	92
313	92
314	93
315	93
318	96
317	97
316	97
315	96
313	96
312	95
310	95
309	94
308	94
307	93
305	93
304	92
302	92
301	91
296	91
295	92
279	92
278	93
276	93
275	92
272	92
271	93
266	93
264	95
260	95
258	97
254	97
253	98
251	98
250	99
249	99
248	100
247	100
246	101
245	101
243	103
236	103
234	101
234	100
233	99
233	100
232	101
231	100
231	98
232	97
230	95
230	94
229	93
229	91
228	90
228	89
227	88
226	88
223	85
222	85
221	84
219	84
218	83
217	84
216	83
216	82
215	81
215	77
214	76
214	75
212	73
211	73
209	71
208	71
207	70
206	70
205	69
204	69
202	67
202	66
200	64
200	63
199	62
199	61
197	61
196	60
194	60
193	59
190	59
189	58
188	58
187	57
185	57
184	56
180	56
178	54
175	54
174	53
172	53
170	51
167	51
166	50
165	50
164	49
163	49
161	47
160	47
159	46
158	46
157	45
156	45
154	43
152	43
151	42
146	42
145	43
144	43
142	45
140	45
139	46
138	46
137	47
136	47
135	46
131	46
130	45
124	45
123	46
122	46
121	47
117	47
116	48
114	48
113	49
112	49
111	50
110	50
109	51
108	51
107	52
106	52
104	54
103	54
101	56
100	56
99	57
97	57
96	58
95	58
93	60
92	60
91	61
90	61
88	63
87	63
85	65
84	65
82	67
80	67
79	68
79	69
76	72
76	73
74	75
73	75
71	77
71	78
70	79
69	79
69	80
67	82
67	83
66	84
65	84
64	85
64	86
62	88
61	88
61	89
59	91
59	92
58	93
58	94
56	96
56	97
54	99
54	100
53	101
53	102
52	103
51	103
51	104
50	105
50	106
49	107
49	108
47	110
47	113
44	116
44	118
42	120
42	123
41	124
41	125
40	126
40	128
41	127
42	128
42	129
41	130
40	130
40	134
39	135
39	136
38	137
38	138
37	139
37	141
36	142
36	146
34	148
34	151
33	152
33	154
32	155
32	157
31	158
31	168
30	169
30	188
29	189
29	191
30	192
30	196
29	197
28	196
28	193
27	192
27	177
27	178
26	179
26	194
28	196
28	205
29	206
29	209
30	210
30	216
31	217
31	220
30	221
29	220
29	218
28	217
28	216
27	215
27	214
26	213
27	214
27	215
28	216
28	220
29	221
29	225
31	227
30	226
30	221
31	220
32	221
32	222
33	223
33	226
34	227
34	228
35	229
35	230
36	231
36	233
37	234
37	236
38	237
38	238
39	239
39	240
40	241
40	243
39	244
39	247
39	244
40	243
41	244
41	246
44	249
44	250
46	252
46	253
47	253
48	254
48	255
57	264
57	265
58	266
59	266
64	271
64	272
65	273
66	273
67	274
68	274
69	275
70	275
73	278
74	278
75	279
76	279
77	280
78	280
80	282
81	282
83	284
84	284
85	285
86	285
87	286
87	287
90	287
91	288
91	289
92	289
93	290
94	290
95	291
97	291
98	292
100	292
102	294
106	294
107	295
113	295
114	296
115	296
116	297
117	297
118	298
127	298
129	300
137	300
138	301
140	301
141	300
142	300
143	301
147	301
148	302
147	303
147	306
148	307
148	312
147	313
147	321
148	322
148	323
149	324
149	325
150	326
150	327
154	331
155	331
159	335
160	335
163	338
165	338
167	340
168	340
169	341
170	341
171	342
172	342
173	343
178	343
179	344
183	344
184	345
196	345
196	343
197	342
199	342
200	341
201	341
206	336
207	336
207	335
209	333
210	333
209	333
208	332
210	330
210	329
211	328
212	328
212	325
211	324
211	315
212	314
212	312
213	311
214	312
214	313
216	315
216	317
217	316
219	318
220	318
222	320
222	321
223	322
223	323
224	324
226	324
225	324
224	323
224	322
225	321
226	322
228	322
229	323
230	323
231	324
232	324
233	325
235	325
236	326
237	326
238	327
239	327
240	328
241	328
244	331
246	331
248	333
249	333
250	334
250	336
252	334
253	335
253	339
254	340
254	345
255	345
256	346
257	346
258	347
258	348
262	348
263	349
263	350
264	351
271	351
272	350
275	350
276	349
277	349
278	350
280	348
280	343
281	342
283	342
284	343
288	343
285	343
283	341
284	340
282	340
281	341
280	341
278	343
277	342
273	342
272	341
272	338
271	337
271	341
270	342
268	340
267	340
266	339
266	337
267	336
267	335
268	334
270	334
271	335
277	335
278	336
284	336
287	339
287	337
288	336
303	336
302	335
297	335
296	334
298	332
300	332
301	331
302	331
303	330
304	330
305	329
306	329
307	328
310	328
312	326
316	326
318	324
321	324
322	323
323	323
324	322
325	322
326	321
327	321
328	320
330	320
333	317
334	317
335	316
336	316
339	313
340	313
341	312
342	312
340	312
337	315
336	315
335	316
334	316
331	319
330	319
329	320
328	320
327	321
326	321
325	322
324	322
323	323
322	323
321	324
318	324
316	326
314	326
313	325
314	324
315	324
318	321
319	322
319	321
320	320
323	320
325	318
325	317
326	316
327	316
329	314
331	314
332	313
333	313
334	312
335	312
339	308
340	308
344	304
345	304
347	302
348	302
349	303
348	304
348	305
349	305
353	301
354	301
355	300
356	300
360	296
360	295
362	293
363	293
363	292
366	289
366	287
369	284
369	283
370	282
370	280
374	276
374	274
375	273
375	272
376	271
375	271
375	272
374	273
373	273
373	275
371	277
370	277
369	278
369	279
368	280
369	281
368	282
367	282
367	283
364	286
364	287
363	288
363	289
362	290
362	291
360	293
359	293
359	294
356	297
356	298
354	300
353	300
351	302
350	302
348	300
348	299
350	297
351	297
353	295
354	295
355	294
355	293
357	291
357	290
361	286
361	285
363	283
363	282
364	281
364	280
365	279
366	279
367	278
367	275
368	274
368	273
369	272
370	272
370	271
371	270
371	267
373	265
373	264
375	262
375	261
376	260
376	257
377	256
377	254
379	252
379	250
380	249
380	248
381	247
381	245
382	244
382	243
383	242
383	240
384	239
384	235
385	234
385	231
386	230
386	226
387	225
387	220
388	219
388	216
389	215
389	200
388	199
388	185
387	184
387	181
386	180
386	175
385	174
385	172
384	171
384	169
383	168
383	165
382	164
382	163
381	162
381	160
382	159
382	158
381	157
381	153
380	152
380	150
379	149
379	148
378	147
378	146
377	145
377	143
378	142
380	144
380	145
381	146
381	148
382	149
382	150
383	151
383	152
384	153
384	157
386	159
386	160
387	161
387	163
388	164
388	166
389	167
389	172
390	173
390	176
391	177
391	183
392	184
392	175
391	174
391	170
390	169
390	165
389	164
390	163
390	161
388	159
388	158
387	157
387	153
384	150
384	145
383	144
383	142
381	140
381	139
380	138
380	137
379	136
379	134
376	131
376	130
375	129
375	128
374	127
374	126
372	124
372	123
371	122
371	121
368	118
368	115
367	114
367	112
362	107
362	106
359	103
359	101
358	100
358	99
357	98
356	98
354	96
353	96
352	95
352	94
351	93
351	92
350	91
349	91
347	89
347	88
346	87
345	87
344	86
344	85
341	82
341	81
336	76
336	75
333	72
333	71
332	71
329	68
328	68
325	65
325	64
324	63
323	63
322	62
322	61
321	60
320	61
317	58
317	57
316	57
314	55
313	55
312	54
312	53
311	53
310	52
309	52
308	51
308	50
307	50
306	49
305	49
303	47
299	47
297	45
298	44
299	44
298	44
297	43
295	43
294	42
292	42
287	37
286	37
285	36
283	36
282	35
281	35
280	34
279	34
278	33
278	32
274	32
271	29
269	29
268	28
266	28
265	27
263	27
262	26
261	26
260	25
259	25
258	24
254	24
253	23
249	23
247	21
246	21
245	20
244	20
243	19
240	19
239	18
230	18
228	16
223	16
222	15
215	15
214	16
211	16
210	15
204	15
206	15
207	16
211	16
212	17
215	17
216	16
223	16
224	17
227	17
228	18
229	18
230	19
232	19
233	20
236	20
237	21
239	21
240	22
242	22
243	23
245	23
246	24
248	24
249	25
251	25
252	26
256	26
257	27
259	27
261	29
263	29
264	30
267	30
268	31
270	31
272	33
274	33
275	34
276	34
277	35
278	35
279	36
279	37
280	37
281	38
283	38
284	39
286	39
287	40
287	41
289	43
291	43
292	44
295	44
297	46
297	47
298	48
300	48
301	49
302	49
304	51
305	51
307	53
308	53
314	59
315	59
318	62
318	63
319	63
320	64
321	64
323	66
323	67
326	70
326	71
327	71
330	74
331	74
333	76
334	76
335	77
335	79
339	83
339	84
340	85
340	86
342	88
343	88
344	89
345	88
346	89
346	91
350	95
350	96
354	100
354	101
355	101
356	102
356	103
357	104
357	105
360	108
360	109
362	111
362	112
365	115
365	116
367	118
367	119
366	120
365	120
364	119
364	118
360	118
359	117
359	116
357	116
358	117
359	117
360	118
360	119
359	120
358	120
356	118
354	118
353	117
352	117
349	114
349	113
347	113
345	111
344	111
341	108
340	108
339	107
338	107
337	106
337	105
335	105
334	104
334	103
335	102
337	102
341	106
342	106
345	109
347	109
349	111
350	111
352	113
353	113
354	114
355	114
354	113
353	113
351	111
350	111
344	105
342	105
339	102
338	102
337	101
335	101
334	100
330	100
333	100
334	101
334	102
333	103
332	103
331	102
329	102
328	101
327	101
326	100
325	100
324	99
325	98
327	98
328	99
328	98
327	98
325	96
324	96
323	95
322	95
320	93
319	93
318	92
316	92
315	91
312	91
311	90
310	90
311	90
312	91
312	92
313	92
314	93
315	93
318	96
317	97
316	97
315	96
313	96
312	95
310	95
309	94
308	94
307	93
305	93
304	92
302	92
301	91
296	91
295	92
279	92
278	93
276	93
275	92
272	92
271	93
266	93
264	95
260	95
258	97
254	97
253	98
251	98
250	99
249	99
248	100
247	100
246	101
245	101
243	103
236	103
234	101
234	100
233	99
233	100
232	101
231	100
231	98
232	97
230	95
230	94
229	93
229	91
228	90
228	89
227	88
226	88
223	85
222	85
221	84
219	84
218	83
217	84
216	83
216	82
215	81
215	77
214	76
214	75
212	73
211	73
209	71
208	71
207	70
206	70
205	69
204	69
202	67
202	66
200	64
200	63
199	62
199	61
197	61
196	60
194	60
193	59
190	59
189	58
188	58
187	57
185	57
184	56
180	56
178	54
175	54
174	53
172	53
170	51
167	51
166	50
165	50
164	49
163	49
161	47
160	47
159	46
158	46
157	45
156	45
154	43
152	43
151	42
146	42
145	43
144	43
142	45
140	45
139	46
138	46
137	47
136	47
135	46
131	46
130	45
124	45
123	46
122	46
121	47
117	47
116	48
114	48
113	49
112	49
111	50
110	50
109	51
108	51
107	52
106	52
104	54
103	54
101	56
100	56
99	57
97	57
96	58
95	58
93	60
92	60
91	61
90	61
88	63
87	63
85	65
84	65
82	67
80	67
79	68
79	69
76	72
76	73
74	75
73	75
71	77
71	78
70	79
69	79
69	80
67	82
67	83
66	84
65	84
64	85
64	86
62	88
61	88
61	89
59	91
59	92
58	93
58	94
56	96
56	97
54	99
54	100
53	101
53	102
52	103
51	103
51	104
50	105
50	106
49	107
49	108
47	110
47	113
44	116
44	118
42	120
42	123
41	124
41	125
40	126
40	128
41	127
42	128
42	129
41	130
40	130
40	134
39	135
39	136
38	137
38	138
37	139
37	141
36	142
36	146
34	148
34	151
33	152
33	154
32	155
32	157
31	158
31	168
30	169
30	188
29	189
29	191
30	192
30	196
29	197
28	196
28	193
27	192
27	177
27	178
26	179
26	194
28	196
28	205
29	206
29	209
30	210
30	216
31	217
31	220
30	221
29	220
29	218
28	217
28	216
27	215
27	214
26	213
27	214
27	215
28	216
28	220
29	221
29	225
31	227
30	226
30	221
31	220
32	221
32	222
33	223
33	226
34	227
34	228
35	229
35	230
36	231
36	233
37	234
37	236
38	237
38	238
39	239
39	240
40	241
40	243
39	244
39	247
39	244
40	243
41	244
41	246
44	249
44	250
46	252
46	253
47	253
48	254
48	255
57	264
57	265
58	266
59	266
64	271
64	272
65	273
66	273
67	274
68	274
69	275
70	275
73	278
74	278
75	279
76	279
77	280
78	280
80	282
81	282
83	284
84	284
85	285
86	285
87	286
87	287
90	287
91	288
91	289
92	289
93	290
94	290
95	291
97	291
98	292
100	292
102	294
106	294
107	295
113	295
114	296
115	296
116	297
117	297
118	298
127	298
129	300
137	300
138	301
140	301
141	300
142	300
143	301
147	301
148	302
147	303
147	306
148	307
148	312
147	313
147	321
148	322
148	323
149	324
149	325
150	326
150	327
154	331
155	331
159	335
160	335
163	338
165	338
167	340
168	340
169	341
170	341
171	342
172	342
173	343
178	343
179	344
183	344
184	345
196	345
196	343
197	342
199	342
200	341
201	341
206	336
207	336
207	335
209	333
210	333
209	333
208	332
210	330
210	329
211	328
212	328
212	325
211	324
211	315
212	314
212	312
213	311
214	312
214	313
216	315
216	317
217	316
219	318
220	318
222	320
222	321
223	322
223	323
224	324
226	324
225	324
224	323
224	322
225	321
226	322
228	322
229	323
230	323
231	324
232	324
233	325
235	325
236	326
237	326
238	327
239	327
240	328
241	328
244	331
246	331
248	333
249	333
250	334
250	336
252	334
253	335
253	339
254	340
254	345
255	345
256	346
257	346
258	347
258	348
262	348
263	349
263	350
264	351
271	351
272	350
275	350
276	349
277	349
278	350
280	348
280	343
281	342
283	342
284	343
288	343
285	343
283	341
284	340
282	340
281	341
280	341
278	343
277	342
273	342
272	341
272	338
271	337
271	341
270	342
268	340
267	340
266	339
266	337
267	336
267	335
268	334
270	334
271	335
277	335
278	336
284	336
287	339
287	337
288	336
303	336
302	335
297	335
296	334
298	332
300	332
301	331
302	331
303	330
304	330
305	329
306	329
307	328
310	328
312	326
316	326
318	324
321	324
322	323
323	323
324	322
325	322
326	321
327	321
328	320
330	320
333	317
334	317
335	316
336	316
339	313
340	313
341	312
342	312
340	312
337	315
336	315
335	316
334	316
331	319
330	319
329	320
328	320
327	321
326	321
325	322
324	322
323	323
322	323
321	324
318	324
316	326
314	326
313	325
314	324
315	324
318	321
319	322
319	321
320	320
323	320
325	318
325	317
326	316
327	316
329	314
331	314
332	313
333	313
334	312
335	312
339	308
340	308
344	304
345	304
347	302
348	302
349	303
348	304
348	305
349	305
353	301
354	301
355	300
356	300
360	296
360	295
362	293
363	293
363	292
366	289
366	287
369	284
369	283
370	282
370	280
374	276
374	274
375	273
375	272
376	271
375	271
375	272
374	273
373	273
373	275
371	277
370	277
369	278
369	279
368	280
369	281
368	282
367	282
367	283
364	286
364	287
363	288
363	289
362	290
362	291
360	293
359	293
359	294
356	297
356	298
354	300
353	300
351	302
350	302
348	300
348	299
350	297
351	297
353	295
354	295
355	294
355	293
357	291
357	290
361	286
361	285
363	283
363	282
364	281
364	280
365	279
366	279
367	278
367	275
368	274
368	273
369	272
370	272
370	271
371	270
371	267
373	265
373	264
375	262
375	261
376	260
376	257
377	256
377	254
379	252
379	250
380	249
380	248
381	247
381	245
382	244
382	243
383	242
383	240
384	239
384	235
385	234
385	231
386	230
386	226
387	225
387	220
388	219
388	216
389	215
389	200
388	199
388	185
387	184
387	181
386	180
386	175
385	174
385	172
384	171
384	169
383	168
383	165
382	164
382	163
381	162
381	160
382	159
382	158
381	157
381	153
380	152
380	150
379	149
379	148
378	147
378	146
377	145
377	143
378	142
380	144
380	145
381	146
381	148
382	149
382	150
383	151
383	152
384	153
384	157
386	159
386	160
387	161
387	163
388	164
388	166
389	167
389	172
390	173
390	176
391	177
391	183
392	184
392	175
391	174
391	170
390	169
390	165
389	164
390	163
390	161
388	159
388	158
387	157
387	153
384	150
384	145
383	144
383	142
381	140
381	139
380	138
380	137
379	136
379	134
376	131
376	130
375	129
375	128
374	127
374	126
372	124
372	123
371	122
371	121
368	118
368	115
367	114
367	112
362	107
362	106
359	103
359	101
358	100
358	99
357	98
356	98
354	96
353	96
352	95
352	94
351	93
351	92
350	91
349	91
347	89
347	88
346	87
345	87
344	86
344	85
341	82
341	81
336	76
336	75
333	72
333	71
332	71
329	68
328	68
325	65
325	64
324	63
323	63
322	62
322	61
321	60
320	61
317	58
317	57
316	57
314	55
313	55
312	54
312	53
311	53
310	52
309	52
308	51
308	50
307	50
306	49
305	49
303	47
299	47
297	45
298	44
299	44
298	44
297	43
295	43
294	42
292	42
287	37
286	37
285	36
283	36
282	35
281	35
280	34
279	34
278	33
278	32
274	32
271	29
269	29
268	28
266	28
265	27
263	27
262	26
261	26
260	25
259	25
258	24
254	24
253	23
249	23
247	21
246	21
245	20
244	20
243	19
240	19
239	18
230	18
228	16
223	16
222	15
215	15
214	16
211	16
210	15
204	15
206	15
207	16
211	16
212	17
215	17
216	16
223	16
224	17
227	17
228	18
229	18
230	19
232	19
233	20
236	20
237	21
239	21
240	22
242	22
243	23
245	23
246	24
248	24
249	25
251	25
252	26
256	26
257	27
259	27
261	29
263	29
264	30
267	30
268	31
270	31
272	33
274	33
275	34
276	34
277	35
278	35
279	36
279	37
280	37
281	38
283	38
284	39
286	39
287	40
287	41
289	43
291	43
292	44
295	44
297	46
297	47
298	48
300	48
301	49
302	49
304	51
305	51
307	53
308	53
314	59
315	59
318	62
318	63
319	63
320	64
321	64
323	66
323	67
326	70
326	71
327	71
330	74
331	74
333	76
334	76
335	77
335	79
339	83
339	84
340	85
340	86
342	88
343	88
344	89
345	88
346	89
346	91
350	95
350	96
354	100
354	101
355	101
356	102
356	103
357	104
357	105
360	108
360	109
362	111
362	112
365	115
365	116
367	118
367	119
366	120
365	120
364	119
364	118
360	118
359	117
359	116
357	116
358	117
359	117
360	118
360	119
359	120
358	120
356	118
354	118
353	117
352	117
349	114
349	113
347	113
345	111
344	111
341	108
340	108
339	107
338	107
337	106
337	105
335	105
334	104
334	103
335	102
337	102
341	106
342	106
345	109
347	109
349	111
350	111
352	113
353	113
354	114
355	114
354	113
353	113
351	111
350	111
344	105
342	105
339	102
338	102
337	101
335	101
334	100
330	100
333	100
334	101
334	102
333	103
332	103
331	102
329	102
328	101
327	101
326	100
325	100
324	99
325	98
327	98
328	99
328	98
327	98
325	96
324	96
323	95
322	95
320	93
319	93
318	92
316	92
315	91
312	91
311	90
310	90
311	90
312	91
312	92
313	92
314	93
315	93
318	96
317	97
316	97
315	96
313	96
312	95
310	95
309	94
308	94
307	93
305	93
304	92
302	92
301	91
296	91
295	92
279	92
278	93
276	93
275	92
272	92
271	93
266	93
264	95
260	95
258	97
254	97
253	98
251	98
250	99
249	99
248	100
247	100
246	101
245	101
243	103
236	103
234	101
234	100
233	99
233	100
232	101
231	100
231	98
232	97
230	95
230	94
229	93
229	91
228	90
228	89
227	88
226	88
223	85
222	85
221	84
219	84
218	83
217	84
216	83
216	82
215	81
215	77
214	76
214	75
212	73
211	73
209	71
208	71
207	70
206	70
205	69
204	69
202	67
202	66
200	64
200	63
199	62
199	61
197	61
196	60
194	60
193	59
190	59
189	58
188	58
187	57
185	57
184	56
180	56
178	54
175	54
174	53
172	53
170	51
167	51
166	50
165	50
164	49
163	49
161	47
160	47
159	46
158	46
157	45
156	45
154	43
152	43
151	42
146	42
145	43
144	43
142	45
140	45
139	46
138	46
137	47
136	47
135	46
131	46
130	45
124	45
123	46
122	46
121	47
117	47
116	48
114	48
113	49
112	49
111	50
110	50
109	51
108	51
107	52
106	52
104	54
103	54
101	56
100	56
99	57
97	57
96	58
95	58
93	60
92	60
91	61
90	61
88	63
87	63
85	65
84	65
82	67
80	67
79	68
79	69
76	72
76	73
74	75
73	75
71	77
71	78
70	79
69	79
69	80
67	82
67	83
66	84
65	84
64	85
64	86
62	88
61	88
61	89
59	91
59	92
58	93
58	94
56	96
56	97
54	99
54	100
53	101
53	102
52	103
51	103
51	104
50	105
50	106
49	107
49	108
47	110
47	113
44	116
44	118
42	120
42	123
41	124
41	125
40	126
40	128
41	127
42	128
42	129
41	130
40	130
40	134
39	135
39	136
38	137
38	138
37	139
37	141
36	142
36	146
34	148
34	151
33	152
33	154
32	155
32	157
31	158
31	168
30	169
30	188
29	189
29	191
30	192
30	196
29	197
28	196
28	193
27	192
27	177
27	178
26	179
26	194
28	196
28	205
29	206
29	209
30	210
30	216
31	217
31	220
30	221
29	220
29	218
28	217
28	216
27	215
27	214
26	213
27	214
27	215
28	216
28	220
29	221
29	225
31	227
30	226
30	221
31	220
32	221
32	222
33	223
33	226
34	227
34	228
35	229
35	230
36	231
36	233
37	234
37	236
38	237
38	238
39	239
39	240
40	241
40	243
39	244
39	247
39	244
40	243
41	244
41	246
44	249
44	250
46	252
46	253
47	253
48	254
48	255
57	264
57	265
58	266
59	266
64	271
64	272
65	273
66	273
67	274
68	274
69	275
70	275
73	278
74	278
75	279
76	279
77	280
78	280
80	282
81	282
83	284
84	284
85	285
86	285
87	286
87	287
90	287
91	288
91	289
92	289
93	290
94	290
95	291
97	291
98	292
100	292
102	294
106	294
107	295
113	295
114	296
115	296
116	297
117	297
118	298
127	298
129	300
137	300
138	301
140	301
141	300
142	300
143	301
147	301
148	302
147	303
147	306
148	307
148	312
147	313
147	321
148	322
148	323
149	324
149	325
150	326
150	327
154	331
155	331
159	335
160	335
163	338
165	338
167	340
168	340
169	341
170	341
171	342
172	342
173	343
178	343
179	344
183	344
184	345
196	345
196	343
197	342
199	342
200	341
201	341
206	336
207	336
207	335
209	333
210	333
209	333
208	332
210	330
210	329
211	328
212	328
212	325
211	324
211	315
212	314
212	312
213	311
214	312
214	313
216	315
216	317
217	316
219	318
220	318
222	320
222	321
223	322
223	323
224	324
226	324
225	324
224	323
224	322
225	321
226	322
228	322
229	323
230	323
231	324
232	324
233	325
235	325
236	326
237	326
238	327
239	327
240	328
241	328
244	331
246	331
248	333
249	333
250	334
250	336
252	334
253	335
253	339
254	340
254	345
255	345
256	346
257	346
258	347
258	348
262	348
263	349
263	350
264	351
271	351
272	350
275	350
276	349
277	349
278	350
280	348
280	343
281	342
283	342
284	343
288	343
285	343
283	341
284	340
282	340
281	341
280	341
278	343
277	342
273	342
272	341
272	338
271	337
271	341
270	342
268	340
267	340
266	339
266	337
267	336
267	335
268	334
270	334
271	335
277	335
278	336
284	336
287	339
287	337
288	336
303	336
302	335
297	335
296	334
298	332
300	332
301	331
302	331
303	330
304	330
305	329
306	329
307	328
310	328
312	326
316	326
318	324
321	324
322	323
323	323
324	322
325	322
326	321
327	321
328	320
330	320
333	317
334	317
335	316
336	316
339	313
340	313
341	312
342	312
340	312
337	315
336	315
335	316
334	316
331	319
330	319
329	320
328	320
327	321
326	321
325	322
324	322
323	323
322	323
321	324
318	324
316	326
314	326
313	325
314	324
315	324
318	321
319	322
319	321
320	320
323	320
325	318
325	317
326	316
327	316
329	314
331	314
332	313
333	313
334	312
335	312
339	308
340	308
344	304
345	304
347	302
348	302
349	303
348	304
348	305
349	305
353	301
354	301
355	300
356	300
360	296
360	295
362	293
363	293
363	292
366	289
366	287
369	284
369	283
370	282
370	280
374	276
374	274
375	273
375	272
376	271
375	271
375	272
374	273
373	273
373	275
371	277
370	277
369	278
369	279
368	280
369	281
368	282
367	282
367	283
364	286
364	287
363	288
363	289
362	290
362	291
360	293
359	293
359	294
356	297
356	298
354	300
353	300
351	302
350	302
348	300
348	299
350	297
351	297
353	295
354	295
355	294
355	293
357	291
357	290
361	286
361	285
363	283
363	282
364	281
364	280
365	279
366	279
367	278
367	275
368	274
368	273
369	272
370	272
370	271
371	270
371	267
373	265
373	264
375	262
375	261
376	260
376	257
377	256
377	254
379	252
379	250
380	249
380	248
381	247
381	245
382	244
382	243
383	242
383	240
384	239
384	235
385	234
385	231
386	230
386	226
387	225
387	220
388	219
388	216
389	215
389	200
388	199
388	185
387	184
387	181
386	180
386	175
385	174
385	172
384	171
384	169
383	168
383	165
382	164
382	163
381	162
381	160
382	159
382	158
381	157
381	153
380	152
380	150
379	149
379	148
378	147
378	146
377	145
377	143
378	142
380	144
380	145
381	146
381	148
382	149
382	150
383	151
383	152
384	153
384	157
386	159
386	160
387	161
387	163
388	164
388	166
389	167
389	172
390	173
390	176
391	177
391	183
392	184
392	175
391	174
391	170
390	169
390	165
389	164
390	163
390	161
388	159
388	158
387	157
387	153
384	150
384	145
383	144
383	142
381	140
381	139
380	138
380	137
379	136
379	134
376	131
376	130
375	129
375	128
374	127
374	126
372	124
372	123
371	122
371	121
368	118
368	115
367	114
367	112
362	107
362	106
359	103
359	101
358	100
358	99
357	98
356	98
354	96
353	96
352	95
352	94
351	93
351	92
350	91
349	91
347	89
347	88
346	87
345	87
344	86
344	85
341	82
341	81
336	76
336	75
333	72
333	71
332	71
329	68
328	68
325	65
325	64
324	63
323	63
322	62
322	61
321	60
320	61
317	58
317	57
316	57
314	55
313	55
312	54
312	53
311	53
310	52
309	52
308	51
308	50
307	50
306	49
305	49
303	47
299	47
297	45
298	44
299	44
298	44
297	43
295	43
294	42
292	42
287	37
286	37
285	36
283	36
282	35
281	35
280	34
279	34
278	33
278	32
274	32
271	29
269	29
268	28
266	28
265	27
263	27
262	26
261	26
260	25
259	25
258	24
254	24
253	23
249	23
247	21
246	21
245	20
244	20
243	19
240	19
239	18
230	18
228	16
223	16
222	15
215	15
214	16
211	16
210	15
