208	12
206	14
205	13
201	13
202	14
203	14
204	15
211	15
212	16
214	16
215	15
216	15
217	16
222	16
223	17
225	17
226	18
228	18
229	19
231	19
232	20
236	20
237	21
239	21
240	22
242	22
243	23
245	23
246	24
248	24
249	25
251	25
252	26
254	26
255	27
257	27
258	28
259	28
261	30
262	30
263	31
266	31
267	32
268	32
269	33
270	33
271	34
272	34
275	37
276	37
277	38
278	38
279	39
281	39
283	41
284	41
288	45
290	45
291	46
290	47
291	48
295	48
296	49
295	50
295	51
296	52
297	52
298	53
300	53
301	54
304	54
309	59
310	59
312	61
312	62
313	62
315	64
316	64
324	72
325	72
327	74
327	75
328	75
329	76
329	77
330	77
331	78
331	79
333	81
334	81
337	84
337	85
338	85
340	87
340	89
341	90
341	95
342	96
343	96
344	97
344	98
346	100
345	101
344	101
339	96
339	95
338	94
338	91
337	92
337	97
338	98
338	99
339	100
340	100
343	103
347	103
346	102
347	101
350	101
354	105
354	106
357	109
357	110
359	112
359	114
361	116
361	117
364	120
364	121
365	122
365	123
367	125
367	126
368	127
368	128
369	129
369	131
370	132
370	135
371	134
373	136
373	138
374	139
374	141
377	144
377	148
376	149
375	149
377	151
377	159
379	161
379	165
380	166
380	167
381	168
381	173
383	175
383	182
384	183
384	191
385	192
385	198
384	199
382	197
382	191
381	190
381	183
380	182
380	179
379	178
379	177
377	175
377	168
376	167
376	164
375	163
375	162
374	161
374	159
372	157
372	156
371	155
371	153
370	152
370	151
369	151
368	150
368	149
367	148
367	147
366	146
366	145
365	144
365	143
364	142
364	141
361	138
361	137
359	135
359	134
357	132
357	131
356	130
356	129
355	129
354	128
353	128
352	127
352	126
347	121
345	121
344	120
343	120
342	119
343	118
345	118
346	119
348	119
346	117
345	117
344	116
344	115
343	115
341	113
339	113
338	112
337	112
336	111
335	111
334	110
334	109
333	109
332	108
333	109
333	110
334	110
336	112
336	113
335	114
334	113
333	113
331	111
330	111
329	110
328	110
326	108
325	108
323	106
321	106
319	104
318	104
317	103
315	103
313	101
311	101
310	100
307	100
306	99
305	99
304	98
305	97
308	97
309	98
307	96
304	96
303	95
302	95
302	96
304	96
305	97
304	98
301	98
300	97
296	97
295	96
293	96
292	95
289	95
288	94
285	94
284	93
275	93
274	94
271	94
270	95
269	95
268	94
258	94
257	93
256	93
255	94
249	94
250	94
251	95
250	96
246	96
245	95
240	95
240	96
242	96
243	97
242	98
240	98
238	100
237	100
236	99
235	99
234	98
235	97
235	96
234	95
234	92
233	91
233	89
234	88
234	85
233	84
233	83
232	82
232	81
229	78
229	77
228	76
228	75
226	73
226	72
225	72
222	69
220	69
219	68
219	66
218	65
216	65
215	64
213	64
212	63
212	62
213	61
212	61
211	60
211	57
210	56
212	54
213	54
212	54
208	50
209	51
209	52
210	53
210	54
209	55
205	55
204	56
203	56
202	57
201	57
200	56
199	56
198	57
195	57
194	56
193	57
191	55
190	55
189	54
187	54
186	53
185	53
184	52
179	52
178	51
177	51
176	50
175	50
174	49
173	49
172	48
171	48
169	46
167	46
166	45
165	45
163	43
162	43
160	41
159	41
158	40
157	40
156	39
153	39
152	40
151	40
150	41
149	41
148	42
146	42
145	43
140	43
139	44
134	44
133	43
129	43
128	44
126	44
125	45
123	45
121	47
117	47
116	48
114	48
113	49
112	49
111	50
109	50
107	52
106	52
105	53
104	53
102	55
101	55
100	56
99	56
98	57
96	57
94	59
93	59
92	60
91	60
88	63
87	63
85	65
84	65
83	66
82	66
79	69
79	70
75	74
74	74
74	75
70	79
70	80
67	83
66	83
65	84
64	83
65	84
65	85
61	89
60	88
60	87
59	88
60	88
61	89
60	90
60	91
58	93
58	94
57	95
57	96
56	97
56	98
53	101
53	102
51	104
50	103
50	102
51	101
51	99
50	100
50	101
47	104
47	107
48	108
48	109
46	111
45	111
42	114
42	115
41	116
41	118
40	119
40	122
39	123
39	125
38	126
38	127
37	128
37	131
36	132
36	135
34	137
34	141
33	142
33	145
32	146
32	147
31	148
31	152
30	153
30	155
29	156
29	159
28	160
28	191
27	192
26	191
26	185
25	184
25	177
25	192
27	194
27	197
27	192
28	191
29	192
29	197
30	198
30	204
31	205
31	208
32	209
32	212
31	213
31	220
32	221
32	218
33	217
34	218
34	220
35	221
35	223
36	224
36	225
37	226
37	227
38	228
38	229
40	231
40	232
41	233
41	235
40	236
39	235
39	234
39	236
40	237
40	238
41	239
41	240
42	241
42	242
43	243
43	244
42	245
40	243
40	242
39	241
39	240
38	239
38	240
39	241
39	244
40	245
40	246
41	247
41	248
42	249
42	250
43	251
43	252
44	253
44	254
48	258
49	258
51	260
51	258
49	258
48	257
48	256
47	255
46	255
45	254
45	252
44	251
44	250
43	249
43	248
42	247
42	245
43	244
44	245
44	246
45	247
45	246
46	245
48	247
48	248
52	252
52	253
53	254
52	255
52	256
53	257
53	256
54	255
55	255
61	261
62	261
63	262
63	263
67	267
68	267
71	270
72	270
74	272
74	273
75	273
76	274
77	274
80	277
81	277
82	278
82	279
83	280
87	280
88	281
88	282
89	282
90	283
90	284
92	284
93	285
96	285
97	286
98	286
99	287
100	287
101	288
102	288
103	289
106	289
107	290
109	290
111	292
111	294
112	294
113	295
115	295
116	296
117	296
120	293
121	293
122	294
127	294
128	295
130	295
131	296
136	296
137	297
137	298
141	298
142	299
144	299
145	298
146	299
146	301
147	302
147	311
146	312
146	317
147	318
147	319
148	320
148	321
149	322
149	323
150	324
150	325
152	327
152	329
153	329
156	332
157	332
159	334
160	334
162	336
163	336
164	337
165	337
167	339
168	339
170	341
173	341
174	342
177	342
178	343
179	343
180	344
192	344
194	342
197	342
198	341
199	341
201	339
202	339
201	339
200	338
201	337
202	337
203	336
203	335
204	334
207	334
208	333
208	332
209	331
209	330
211	328
212	328
212	327
213	326
214	326
214	324
216	322
217	322
218	321
222	321
224	323
227	323
228	324
227	325
223	325
224	326
226	326
227	327
228	327
229	328
230	328
231	329
232	329
233	330
234	330
235	331
236	331
237	332
240	332
241	333
242	333
243	334
246	334
247	335
251	335
252	334
253	335
254	335
255	336
255	338
258	341
258	342
259	343
258	344
259	344
261	346
265	346
268	349
277	349
278	348
284	348
286	346
289	346
290	345
290	344
291	343
293	343
292	342
295	339
296	339
298	337
298	333
301	330
302	330
304	328
305	328
306	327
306	326
308	324
308	323
309	322
310	322
311	321
312	322
312	325
312	324
314	322
318	322
318	321
319	320
322	320
323	319
324	319
325	318
329	318
329	317
330	316
332	316
332	315
333	314
334	314
334	313
335	312
336	312
336	309
336	311
335	312
332	312
330	314
329	314
328	315
327	315
326	316
325	316
324	317
323	316
321	318
319	318
318	319
312	319
311	318
312	317
314	317
314	316
315	315
316	316
317	316
318	315
318	313
319	312
319	311
320	310
321	311
321	314
323	314
321	312
322	311
321	310
323	308
326	308
328	306
329	306
331	304
331	302
332	301
333	301
334	302
334	300
336	298
336	297
337	296
338	296
339	295
340	295
343	292
345	292
345	291
348	288
349	288
350	289
351	289
351	286
352	285
352	284
354	282
354	281
356	279
356	278
359	275
359	274
360	273
360	272
362	270
362	267
363	266
363	262
364	261
366	261
366	257
367	256
367	255
368	254
369	254
369	253
370	252
370	250
372	248
373	248
373	244
374	243
375	244
375	247
375	239
376	238
377	238
377	237
378	236
378	232
377	232
376	231
376	228
378	226
379	226
379	225
380	224
380	216
379	215
379	212
378	211
379	210
380	210
381	211
381	214
382	215
382	203
383	202
382	201
384	199
386	201
386	215
385	216
385	221
384	222
384	226
383	227
383	230
382	231
382	235
381	236
381	237
380	238
380	240
379	241
379	242
380	242
380	239
383	236
383	230
384	229
384	228
385	227
385	225
386	224
386	217
388	215
388	198
387	197
387	192
388	191
388	189
387	188
387	179
386	178
386	176
384	174
384	173
383	172
383	169
384	168
384	166
383	165
383	163
382	162
382	158
381	157
381	152
379	150
379	144
377	142
377	141
374	138
374	134
373	134
372	133
373	132
373	130
372	129
372	128
371	127
371	126
370	125
370	124
368	122
368	120
363	115
363	114
362	113
362	112
361	112
360	111
360	110
359	109
359	108
358	107
358	106
356	104
356	103
355	102
355	101
354	100
353	100
350	97
349	97
346	94
346	93
345	93
344	92
344	89
343	88
343	87
341	85
341	84
340	83
339	83
334	78
334	77
330	73
329	73
328	72
328	71
322	65
321	65
320	64
319	64
316	61
316	60
314	60
313	59
313	58
310	55
309	55
308	54
307	54
306	53
306	52
305	52
304	51
303	51
301	49
300	49
299	48
298	48
297	47
297	46
294	46
291	43
290	43
287	40
286	40
284	38
284	37
281	37
280	36
279	36
278	35
277	35
274	32
273	32
272	31
270	31
269	30
268	30
267	29
265	29
263	27
262	27
261	26
260	26
259	25
257	25
255	23
250	23
248	21
246	21
245	20
244	20
243	19
238	19
237	18
232	18
230	16
225	16
223	14
224	13
222	15
221	15
220	14
211	14
210	13
210	12
208	12
206	14
205	13
201	13
202	14
203	14
204	15
211	15
212	16
214	16
215	15
216	15
217	16
222	16
223	17
225	17
226	18
228	18
229	19
231	19
232	20
236	20
237	21
239	21
240	22
242	22
243	23
245	23
246	24
248	24
249	25
251	25
252	26
254	26
255	27
257	27
258	28
259	28
261	30
262	30
263	31
266	31
267	32
268	32
269	33
270	33
271	34
272	34
275	37
276	37
277	38
278	38
279	39
281	39
283	41
284	41
288	45
290	45
291	46
290	47
291	48
295	48
296	49
295	50
295	51
296	52
297	52
298	53
300	53
301	54
304	54
309	59
310	59
312	61
312	62
313	62
315	64
316	64
324	72
325	72
327	74
327	75
328	75
329	76
329	77
330	77
331	78
331	79
333	81
334	81
337	84
337	85
338	85
340	87
340	89
341	90
341	95
342	96
343	96
344	97
344	98
346	100
345	101
344	101
339	96
339	95
338	94
338	91
337	92
337	97
338	98
338	99
339	100
340	100
343	103
347	103
346	102
347	101
350	101
354	105
354	106
357	109
357	110
359	112
359	114
361	116
361	117
364	120
364	121
365	122
365	123
367	125
367	126
368	127
368	128
369	129
369	131
370	132
370	135
371	134
373	136
373	138
374	139
374	141
377	144
377	148
376	149
375	149
377	151
377	159
379	161
379	165
380	166
380	167
381	168
381	173
383	175
383	182
384	183
384	191
385	192
385	198
384	199
382	197
382	191
381	190
381	183
380	182
380	179
379	178
379	177
377	175
377	168
376	167
376	164
375	163
375	162
374	161
374	159
372	157
372	156
371	155
371	153
370	152
370	151
369	151
368	150
368	149
367	148
367	147
366	146
366	145
365	144
365	143
364	142
364	141
361	138
361	137
359	135
359	134
357	132
357	131
356	130
356	129
355	129
354	128
353	128
352	127
352	126
347	121
345	121
344	120
343	120
342	119
343	118
345	118
346	119
348	119
346	117
345	117
344	116
344	115
343	115
341	113
339	113
338	112
337	112
336	111
335	111
334	110
334	109
333	109
332	108
333	109
333	110
334	110
336	112
336	113
335	114
334	113
333	113
331	111
330	111
329	110
328	110
326	108
325	108
323	106
321	106
319	104
318	104
317	103
315	103
313	101
311	101
310	100
307	100
306	99
305	99
304	98
305	97
308	97
309	98
307	96
304	96
303	95
302	95
302	96
304	96
305	97
304	98
301	98
300	97
296	97
295	96
293	96
292	95
289	95
288	94
285	94
284	93
275	93
274	94
271	94
270	95
269	95
268	94
258	94
257	93
256	93
255	94
249	94
250	94
251	95
250	96
246	96
245	95
240	95
240	96
242	96
243	97
242	98
240	98
238	100
237	100
236	99
235	99
234	98
235	97
235	96
234	95
234	92
233	91
233	89
234	88
234	85
233	84
233	83
232	82
232	81
229	78
229	77
228	76
228	75
226	73
226	72
225	72
222	69
220	69
219	68
219	66
218	65
216	65
215	64
213	64
212	63
212	62
213	61
212	61
211	60
211	57
210	56
212	54
213	54
212	54
208	50
209	51
209	52
210	53
210	54
209	55
205	55
204	56
203	56
202	57
201	57
200	56
199	56
198	57
195	57
194	56
193	57
191	55
190	55
189	54
187	54
186	53
185	53
184	52
179	52
178	51
177	51
176	50
175	50
174	49
173	49
172	48
171	48
169	46
167	46
166	45
165	45
163	43
162	43
160	41
159	41
158	40
157	40
156	39
153	39
152	40
151	40
150	41
149	41
148	42
146	42
145	43
140	43
139	44
134	44
133	43
129	43
128	44
126	44
125	45
123	45
121	47
117	47
116	48
114	48
113	49
112	49
111	50
109	50
107	52
106	52
105	53
104	53
102	55
101	55
100	56
99	56
98	57
96	57
94	59
93	59
92	60
91	60
88	63
87	63
85	65
84	65
83	66
82	66
79	69
79	70
75	74
74	74
74	75
70	79
70	80
67	83
66	83
65	84
64	83
65	84
65	85
61	89
60	88
60	87
59	88
60	88
61	89
60	90
60	91
58	93
58	94
57	95
57	96
56	97
56	98
53	101
53	102
51	104
50	103
50	102
51	101
51	99
50	100
50	101
47	104
47	107
48	108
48	109
46	111
45	111
42	114
42	115
41	116
41	118
40	119
40	122
39	123
39	125
38	126
38	127
37	128
37	131
36	132
36	135
34	137
34	141
33	142
33	145
32	146
32	147
31	148
31	152
30	153
30	155
29	156
29	159
28	160
28	191
27	192
26	191
26	185
25	184
25	177
25	192
27	194
27	197
27	192
28	191
29	192
29	197
30	198
30	204
31	205
31	208
32	209
32	212
31	213
31	220
32	221
32	218
33	217
34	218
34	220
35	221
35	223
36	224
36	225
37	226
37	227
38	228
38	229
40	231
40	232
41	233
41	235
40	236
39	235
39	234
39	236
40	237
40	238
41	239
41	240
42	241
42	242
43	243
43	244
42	245
40	243
40	242
39	241
39	240
38	239
38	240
39	241
39	244
40	245
40	246
41	247
41	248
42	249
42	250
43	251
43	252
44	253
44	254
48	258
49	258
51	260
51	258
49	258
48	257
48	256
47	255
46	255
45	254
45	252
44	251
44	250
43	249
43	248
42	247
42	245
43	244
44	245
44	246
45	247
45	246
46	245
48	247
48	248
52	252
52	253
53	254
52	255
52	256
53	257
53	256
54	255
55	255
61	261
62	261
63	262
63	263
67	267
68	267
71	270
72	270
74	272
74	273
75	273
76	274
77	274
80	277
81	277
82	278
82	279
83	280
87	280
88	281
88	282
89	282
90	283
90	284
92	284
93	285
96	285
97	286
98	286
99	287
100	287
101	288
102	288
103	289
106	289
107	290
109	290
111	292
111	294
112	294
113	295
115	295
116	296
117	296
120	293
121	293
122	294
127	294
128	295
130	295
131	296
136	296
137	297
137	298
141	298
142	299
144	299
145	298
146	299
146	301
147	302
147	311
146	312
146	317
147	318
147	319
148	320
148	321
149	322
149	323
150	324
150	325
152	327
152	329
153	329
156	332
157	332
159	334
160	334
162	336
163	336
164	337
165	337
167	339
168	339
170	341
173	341
174	342
177	342
178	343
179	343
180	344
192	344
194	342
197	342
198	341
199	341
201	339
202	339
201	339
200	338
201	337
202	337
203	336
203	335
204	334
207	334
208	333
208	332
209	331
209	330
211	328
212	328
212	327
213	326
214	326
214	324
216	322
217	322
218	321
222	321
224	323
227	323
228	324
227	325
223	325
224	326
226	326
227	327
228	327
229	328
230	328
231	329
232	329
233	330
234	330
235	331
236	331
237	332
240	332
241	333
242	333
243	334
246	334
247	335
251	335
252	334
253	335
254	335
255	336
255	338
258	341
258	342
259	343
258	344
259	344
261	346
265	346
268	349
277	349
278	348
284	348
286	346
289	346
290	345
290	344
291	343
293	343
292	342
295	339
296	339
298	337
298	333
301	330
302	330
304	328
305	328
306	327
306	326
308	324
308	323
309	322
310	322
311	321
312	322
312	325
312	324
314	322
318	322
318	321
319	320
322	320
323	319
324	319
325	318
329	318
329	317
330	316
332	316
332	315
333	314
334	314
334	313
335	312
336	312
336	309
336	311
335	312
332	312
330	314
329	314
328	315
327	315
326	316
325	316
324	317
323	316
321	318
319	318
318	319
312	319
311	318
312	317
314	317
314	316
315	315
316	316
317	316
318	315
318	313
319	312
319	311
320	310
321	311
321	314
323	314
321	312
322	311
321	310
323	308
326	308
328	306
329	306
331	304
331	302
332	301
333	301
334	302
334	300
336	298
336	297
337	296
338	296
339	295
340	295
343	292
345	292
345	291
348	288
349	288
350	289
351	289
351	286
352	285
352	284
354	282
354	281
356	279
356	278
359	275
359	274
360	273
360	272
362	270
362	267
363	266
363	262
364	261
366	261
366	257
367	256
367	255
368	254
369	254
369	253
370	252
370	250
372	248
373	248
373	244
374	243
375	244
375	247
375	239
376	238
377	238
377	237
378	236
378	232
377	232
376	231
376	228
378	226
379	226
379	225
380	224
380	216
379	215
379	212
378	211
379	210
380	210
381	211
381	214
382	215
382	203
383	202
382	201
384	199
386	201
386	215
385	216
385	221
384	222
384	226
383	227
383	230
382	231
382	235
381	236
381	237
380	238
380	240
379	241
379	242
380	242
380	239
383	236
383	230
384	229
384	228
385	227
385	225
386	224
386	217
388	215
388	198
387	197
387	192
388	191
388	189
387	188
387	179
386	178
386	176
384	174
384	173
383	172
383	169
384	168
384	166
383	165
383	163
382	162
382	158
381	157
381	152
379	150
379	144
377	142
377	141
374	138
374	134
373	134
372	133
373	132
373	130
372	129
372	128
371	127
371	126
370	125
370	124
368	122
368	120
363	115
363	114
362	113
362	112
361	112
360	111
360	110
359	109
359	108
358	107
358	106
356	104
356	103
355	102
355	101
354	100
353	100
350	97
349	97
346	94
346	93
345	93
344	92
344	89
343	88
343	87
341	85
341	84
340	83
339	83
334	78
334	77
330	73
329	73
328	72
328	71
322	65
321	65
320	64
319	64
316	61
316	60
314	60
313	59
313	58
310	55
309	55
308	54
307	54
306	53
306	52
305	52
304	51
303	51
301	49
300	49
299	48
298	48
297	47
297	46
294	46
291	43
290	43
287	40
286	40
284	38
284	37
281	37
280	36
279	36
278	35
277	35
274	32
273	32
272	31
270	31
269	30
268	30
267	29
265	29
263	27
262	27
261	26
260	26
259	25
257	25
255	23
250	23
248	21
246	21
245	20
244	20
243	19
238	19
237	18
232	18
230	16
225	16
223	14
224	13
222	15
221	15
220	14
211	14
210	13
210	12
208	12
206	14
205	13
201	13
202	14
203	14
204	15
211	15
212	16
214	16
215	15
216	15
217	16
222	16
223	17
225	17
226	18
228	18
229	19
231	19
232	20
236	20
237	21
239	21
240	22
242	22
243	23
245	23
246	24
248	24
249	25
251	25
252	26
254	26
255	27
257	27
258	28
259	28
261	30
262	30
263	31
266	31
267	32
268	32
269	33
270	33
271	34
272	34
275	37
276	37
277	38
278	38
279	39
281	39
283	41
284	41
288	45
290	45
291	46
290	47
291	48
295	48
296	49
295	50
295	51
296	52
297	52
298	53
300	53
301	54
304	54
309	59
310	59
312	61
312	62
313	62
315	64
316	64
324	72
325	72
327	74
327	75
328	75
329	76
329	77
330	77
331	78
331	79
333	81
334	81
337	84
337	85
338	85
340	87
340	89
341	90
341	95
342	96
343	96
344	97
344	98
346	100
345	101
344	101
339	96
339	95
338	94
338	91
337	92
337	97
338	98
338	99
339	100
340	100
343	103
347	103
346	102
347	101
350	101
354	105
354	106
357	109
357	110
359	112
359	114
361	116
361	117
364	120
364	121
365	122
365	123
367	125
367	126
368	127
368	128
369	129
369	131
370	132
370	135
371	134
373	136
373	138
374	139
374	141
377	144
377	148
376	149
375	149
377	151
377	159
379	161
379	165
380	166
380	167
381	168
381	173
383	175
383	182
384	183
384	191
385	192
385	198
384	199
382	197
382	191
381	190
381	183
380	182
380	179
379	178
379	177
377	175
377	168
376	167
376	164
375	163
375	162
374	161
374	159
372	157
372	156
371	155
371	153
370	152
370	151
369	151
368	150
368	149
367	148
367	147
366	146
366	145
365	144
365	143
364	142
364	141
361	138
361	137
359	135
359	134
357	132
357	131
356	130
356	129
355	129
354	128
353	128
352	127
352	126
347	121
345	121
344	120
343	120
342	119
343	118
345	118
346	119
348	119
346	117
345	117
344	116
344	115
343	115
341	113
339	113
338	112
337	112
336	111
335	111
334	110
334	109
333	109
332	108
333	109
333	110
334	110
336	112
336	113
335	114
334	113
333	113
331	111
330	111
329	110
328	110
326	108
325	108
323	106
321	106
319	104
318	104
317	103
315	103
313	101
311	101
310	100
307	100
306	99
305	99
304	98
305	97
308	97
309	98
307	96
304	96
303	95
302	95
302	96
304	96
305	97
304	98
301	98
300	97
296	97
295	96
293	96
292	95
289	95
288	94
285	94
284	93
275	93
274	94
271	94
270	95
269	95
268	94
258	94
257	93
256	93
255	94
249	94
250	94
251	95
250	96
246	96
245	95
240	95
240	96
242	96
243	97
242	98
240	98
238	100
237	100
236	99
235	99
234	98
235	97
235	96
234	95
234	92
233	91
233	89
234	88
234	85
233	84
233	83
232	82
232	81
229	78
229	77
228	76
228	75
226	73
226	72
225	72
222	69
220	69
219	68
219	66
218	65
216	65
215	64
213	64
212	63
212	62
213	61
212	61
211	60
211	57
210	56
212	54
213	54
212	54
208	50
209	51
209	52
210	53
210	54
209	55
205	55
204	56
203	56
202	57
201	57
200	56
199	56
198	57
195	57
194	56
193	57
191	55
190	55
189	54
187	54
186	53
185	53
184	52
179	52
178	51
177	51
176	50
175	50
174	49
173	49
172	48
171	48
169	46
167	46
166	45
165	45
163	43
162	43
160	41
159	41
158	40
157	40
156	39
153	39
152	40
151	40
150	41
149	41
148	42
146	42
145	43
140	43
139	44
134	44
133	43
129	43
128	44
126	44
125	45
123	45
121	47
117	47
116	48
114	48
113	49
112	49
111	50
109	50
107	52
106	52
105	53
104	53
102	55
101	55
100	56
99	56
98	57
96	57
94	59
93	59
92	60
91	60
88	63
87	63
85	65
84	65
83	66
82	66
79	69
79	70
75	74
74	74
74	75
70	79
70	80
67	83
66	83
65	84
64	83
65	84
65	85
61	89
60	88
60	87
59	88
60	88
61	89
60	90
60	91
58	93
58	94
57	95
57	96
56	97
56	98
53	101
53	102
51	104
50	103
50	102
51	101
51	99
50	100
50	101
47	104
47	107
48	108
48	109
46	111
45	111
42	114
42	115
41	116
41	118
40	119
40	122
39	123
39	125
38	126
38	127
37	128
37	131
36	132
36	135
34	137
34	141
33	142
33	145
32	146
32	147
31	148
31	152
30	153
30	155
29	156
29	159
28	160
28	191
27	192
26	191
26	185
25	184
25	177
25	192
27	194
27	197
27	192
28	191
29	192
29	197
30	198
30	204
31	205
31	208
32	209
32	212
31	213
31	220
32	221
32	218
33	217
34	218
34	220
35	221
35	223
36	224
36	225
37	226
37	227
38	228
38	229
40	231
40	232
41	233
41	235
40	236
39	235
39	234
39	236
40	237
40	238
41	239
41	240
42	241
42	242
43	243
43	244
42	245
40	243
40	242
39	241
39	240
38	239
38	240
39	241
39	244
40	245
40	246
41	247
41	248
42	249
42	250
43	251
43	252
44	253
44	254
48	258
49	258
51	260
51	258
49	258
48	257
48	256
47	255
46	255
45	254
45	252
44	251
44	250
43	249
43	248
42	247
42	245
43	244
44	245
44	246
45	247
45	246
46	245
48	247
48	248
52	252
52	253
53	254
52	255
52	256
53	257
53	256
54	255
55	255
61	261
62	261
63	262
63	263
67	267
68	267
71	270
72	270
74	272
74	273
75	273
76	274
77	274
80	277
81	277
82	278
82	279
83	280
87	280
88	281
88	282
89	282
90	283
90	284
92	284
93	285
96	285
97	286
98	286
99	287
100	287
101	288
102	288
103	289
106	289
107	290
109	290
111	292
111	294
112	294
113	295
115	295
116	296
117	296
120	293
121	293
122	294
127	294
128	295
130	295
131	296
136	296
137	297
137	298
141	298
142	299
144	299
145	298
146	299
146	301
147	302
147	311
146	312
146	317
147	318
147	319
148	320
148	321
149	322
149	323
150	324
150	325
152	327
152	329
153	329
156	332
157	332
159	334
160	334
162	336
163	336
164	337
165	337
167	339
168	339
170	341
173	341
174	342
177	342
178	343
179	343
180	344
192	344
194	342
197	342
198	341
199	341
201	339
202	339
201	339
200	338
201	337
202	337
203	336
203	335
204	334
207	334
208	333
208	332
209	331
209	330
211	328
212	328
212	327
213	326
214	326
214	324
216	322
217	322
218	321
222	321
224	323
227	323
228	324
227	325
223	325
224	326
226	326
227	327
228	327
229	328
230	328
231	329
232	329
233	330
234	330
235	331
236	331
237	332
240	332
241	333
242	333
243	334
246	334
247	335
251	335
252	334
253	335
254	335
255	336
255	338
258	341
258	342
259	343
258	344
259	344
261	346
265	346
268	349
277	349
278	348
284	348
286	346
289	346
290	345
290	344
291	343
293	343
292	342
295	339
296	339
298	337
298	333
301	330
302	330
304	328
305	328
306	327
306	326
308	324
308	323
309	322
310	322
311	321
312	322
312	325
312	324
314	322
318	322
318	321
319	320
322	320
323	319
324	319
325	318
329	318
329	317
330	316
332	316
332	315
333	314
334	314
334	313
335	312
336	312
336	309
336	311
335	312
332	312
330	314
329	314
328	315
327	315
326	316
325	316
324	317
323	316
321	318
319	318
318	319
312	319
311	318
312	317
314	317
314	316
315	315
316	316
317	316
318	315
318	313
319	312
319	311
320	310
321	311
321	314
323	314
321	312
322	311
321	310
323	308
326	308
328	306
329	306
331	304
331	302
332	301
333	301
334	302
334	300
336	298
336	297
337	296
338	296
339	295
340	295
343	292
345	292
345	291
348	288
349	288
350	289
351	289
351	286
352	285
352	284
354	282
354	281
356	279
356	278
359	275
359	274
360	273
360	272
362	270
362	267
363	266
363	262
364	261
366	261
366	257
367	256
367	255
368	254
369	254
369	253
370	252
370	250
372	248
373	248
373	244
374	243
375	244
375	247
375	239
376	238
377	238
377	237
378	236
378	232
377	232
376	231
376	228
378	226
379	226
379	225
380	224
380	216
379	215
379	212
378	211
379	210
380	210
381	211
381	214
382	215
382	203
383	202
382	201
384	199
386	201
386	215
385	216
385	221
384	222
384	226
383	227
383	230
382	231
382	235
381	236
381	237
380	238
380	240
379	241
379	242
380	242
380	239
383	236
383	230
384	229
384	228
385	227
385	225
386	224
386	217
388	215
388	198
387	197
387	192
388	191
388	189
387	188
387	179
386	178
386	176
384	174
384	173
383	172
383	169
384	168
384	166
383	165
383	163
382	162
382	158
381	157
381	152
379	150
379	144
377	142
377	141
374	138
374	134
373	134
372	133
373	132
373	130
372	129
372	128
371	127
371	126
370	125
370	124
368	122
368	120
363	115
363	114
362	113
362	112
361	112
360	111
360	110
359	109
359	108
358	107
358	106
356	104
356	103
355	102
355	101
354	100
353	100
350	97
349	97
346	94
346	93
345	93
344	92
344	89
343	88
343	87
341	85
341	84
340	83
339	83
334	78
334	77
330	73
329	73
328	72
328	71
322	65
321	65
320	64
319	64
316	61
316	60
314	60
313	59
313	58
310	55
309	55
308	54
307	54
306	53
306	52
305	52
304	51
303	51
301	49
300	49
299	48
298	48
297	47
297	46
294	46
291	43
290	43
287	40
286	40
284	38
284	37
281	37
280	36
279	36
278	35
277	35
274	32
273	32
272	31
270	31
269	30
268	30
267	29
265	29
263	27
262	27
261	26
260	26
259	25
257	25
255	23
250	23
248	21
246	21
245	20
244	20
243	19
238	19
237	18
232	18
230	16
225	16
223	14
224	13
222	15
221	15
220	14
211	14
210	13
210	12
208	12
206	14
205	13
201	13
202	14
203	14
204	15
211	15
212	16
214	16
215	15
216	15
217	16
222	16
223	17
225	17
226	18
228	18
229	19
231	19
232	20
236	20
237	21
239	21
240	22
242	22
243	23
245	23
246	24
248	24
249	25
251	25
252	26
254	26
255	27
257	27
258	28
259	28
261	30
262	30
263	31
266	31
267	32
268	32
269	33
270	33
271	34
272	34
275	37
276	37
277	38
278	38
279	39
281	39
283	41
284	41
288	45
290	45
291	46
290	47
291	48
295	48
296	49
295	50
295	51
296	52
297	52
298	53
300	53
301	54
304	54
309	59
310	59
312	61
312	62
313	62
315	64
316	64
324	72
325	72
327	74
327	75
328	75
329	76
329	77
330	77
331	78
331	79
333	81
334	81
337	84
337	85
338	85
340	87
340	89
341	90
341	95
342	96
343	96
344	97
344	98
346	100
345	101
344	101
339	96
339	95
338	94
338	91
337	92
337	97
338	98
338	99
339	100
340	100
343	103
347	103
346	102
347	101
350	101
354	105
354	106
357	109
357	110
359	112
359	114
361	116
361	117
364	120
364	121
365	122
365	123
367	125
367	126
368	127
368	128
369	129
369	131
370	132
370	135
371	134
373	136
373	138
374	139
374	141
377	144
377	148
376	149
375	149
377	151
377	159
379	161
379	165
380	166
380	167
381	168
381	173
383	175
383	182
384	183
384	191
385	192
385	198
384	199
382	197
382	191
381	190
381	183
380	182
380	179
379	178
379	177
377	175
377	168
376	167
376	164
375	163
375	162
374	161
374	159
372	157
372	156
371	155
371	153
370	152
370	151
369	151
368	150
368	149
367	148
367	147
366	146
366	145
365	144
365	143
364	142
364	141
361	138
361	137
359	135
359	134
357	132
357	131
356	130
356	129
355	129
354	128
353	128
352	127
352	126
347	121
345	121
344	120
343	120
342	119
343	118
345	118
346	119
348	119
346	117
345	117
344	116
344	115
343	115
341	113
339	113
338	112
337	112
336	111
335	111
334	110
334	109
333	109
332	108
333	109
333	110
334	110
336	112
336	113
335	114
334	113
333	113
331	111
330	111
329	110
328	110
326	108
325	108
323	106
321	106
319	104
318	104
317	103
315	103
313	101
311	101
310	100
307	100
306	99
305	99
304	98
305	97
308	97
309	98
307	96
304	96
303	95
302	95
302	96
304	96
305	97
304	98
301	98
300	97
296	97
295	96
293	96
292	95
289	95
288	94
285	94
284	93
275	93
274	94
271	94
270	95
269	95
268	94
258	94
257	93
256	93
255	94
249	94
250	94
251	95
250	96
246	96
245	95
240	95
240	96
242	96
243	97
242	98
240	98
238	100
237	100
236	99
235	99
234	98
235	97
235	96
234	95
234	92
233	91
233	89
234	88
234	85
233	84
233	83
232	82
232	81
229	78
229	77
228	76
228	75
226	73
226	72
225	72
222	69
220	69
219	68
219	66
218	65
216	65
215	64
213	64
212	63
212	62
213	61
212	61
211	60
211	57
210	56
212	54
213	54
212	54
208	50
209	51
209	52
210	53
210	54
209	55
205	55
204	56
203	56
202	57
201	57
200	56
199	56
198	57
195	57
194	56
193	57
191	55
190	55
189	54
187	54
186	53
185	53
184	52
179	52
178	51
177	51
176	50
175	50
174	49
173	49
172	48
171	48
169	46
167	46
166	45
165	45
163	43
162	43
160	41
159	41
158	40
157	40
156	39
153	39
152	40
151	40
150	41
149	41
148	42
146	42
145	43
140	43
139	44
134	44
133	43
129	43
128	44
126	44
125	45
123	45
121	47
117	47
116	48
114	48
113	49
112	49
111	50
109	50
107	52
106	52
105	53
104	53
102	55
101	55
100	56
99	56
98	57
96	57
94	59
93	59
92	60
91	60
88	63
87	63
85	65
84	65
83	66
82	66
79	69
79	70
75	74
74	74
74	75
70	79
70	80
67	83
66	83
65	84
64	83
65	84
65	85
61	89
60	88
60	87
59	88
60	88
61	89
60	90
60	91
58	93
58	94
57	95
57	96
56	97
56	98
53	101
53	102
51	104
50	103
50	102
51	101
51	99
50	100
50	101
47	104
47	107
48	108
48	109
46	111
45	111
42	114
42	115
41	116
41	118
40	119
40	122
39	123
39	125
38	126
38	127
37	128
37	131
36	132
36	135
34	137
34	141
33	142
33	145
32	146
32	147
31	148
31	152
30	153
30	155
29	156
29	159
28	160
28	191
27	192
26	191
26	185
25	184
25	177
25	192
27	194
27	197
27	192
28	191
29	192
29	197
30	198
30	204
31	205
31	208
32	209
32	212
31	213
31	220
32	221
32	218
33	217
34	218
34	220
35	221
35	223
36	224
36	225
37	226
37	227
38	228
38	229
40	231
40	232
41	233
41	235
40	236
39	235
39	234
39	236
40	237
40	238
41	239
41	240
42	241
42	242
43	243
43	244
42	245
40	243
40	242
39	241
39	240
38	239
38	240
39	241
39	244
40	245
40	246
41	247
41	248
42	249
42	250
43	251
43	252
44	253
44	254
48	258
49	258
51	260
51	258
49	258
48	257
48	256
47	255
46	255
45	254
45	252
44	251
44	250
43	249
43	248
42	247
42	245
43	244
44	245
44	246
45	247
45	246
46	245
48	247
48	248
52	252
52	253
53	254
52	255
52	256
53	257
53	256
54	255
55	255
61	261
62	261
63	262
63	263
67	267
68	267
71	270
72	270
74	272
74	273
75	273
76	274
77	274
80	277
81	277
82	278
82	279
83	280
87	280
88	281
88	282
89	282
90	283
90	284
92	284
93	285
96	285
97	286
98	286
99	287
100	287
101	288
102	288
103	289
106	289
107	290
109	290
111	292
111	294
112	294
113	295
115	295
116	296
117	296
120	293
121	293
122	294
127	294
128	295
130	295
131	296
136	296
137	297
137	298
141	298
142	299
144	299
145	298
146	299
146	301
147	302
147	311
146	312
146	317
147	318
147	319
148	320
148	321
149	322
149	323
150	324
150	325
152	327
152	329
153	329
156	332
157	332
159	334
160	334
162	336
163	336
164	337
165	337
167	339
168	339
170	341
173	341
174	342
177	342
178	343
179	343
180	344
192	344
194	342
197	342
198	341
199	341
201	339
202	339
201	339
200	338
201	337
202	337
203	336
203	335
204	334
207	334
208	333
208	332
209	331
209	330
211	328
212	328
212	327
213	326
214	326
214	324
216	322
217	322
218	321
222	321
224	323
227	323
228	324
227	325
223	325
224	326
226	326
227	327
228	327
229	328
230	328
231	329
232	329
233	330
234	330
235	331
236	331
237	332
240	332
241	333
242	333
243	334
246	334
247	335
251	335
252	334
253	335
254	335
255	336
255	338
258	341
258	342
259	343
258	344
259	344
261	346
265	346
268	349
277	349
278	348
284	348
286	346
289	346
290	345
290	344
291	343
293	343
292	342
295	339
296	339
298	337
298	333
301	330
302	330
304	328
305	328
306	327
306	326
308	324
308	323
309	322
310	322
311	321
312	322
312	325
312	324
314	322
318	322
318	321
319	320
322	320
323	319
324	319
325	318
329	318
329	317
330	316
332	316
332	315
333	314
334	314
334	313
335	312
336	312
336	309
336	311
335	312
332	312
330	314
329	314
328	315
327	315
326	316
325	316
324	317
323	316
321	318
319	318
318	319
312	319
311	318
312	317
314	317
314	316
315	315
316	316
317	316
318	315
318	313
319	312
319	311
320	310
321	311
321	314
323	314
321	312
322	311
321	310
323	308
326	308
328	306
329	306
331	304
331	302
332	301
333	301
334	302
334	300
336	298
336	297
337	296
338	296
339	295
340	295
343	292
345	292
345	291
348	288
349	288
350	289
351	289
351	286
352	285
352	284
354	282
354	281
356	279
356	278
359	275
359	274
360	273
360	272
362	270
362	267
363	266
363	262
364	261
366	261
366	257
367	256
367	255
368	254
369	254
369	253
370	252
370	250
372	248
373	248
373	244
374	243
375	244
375	247
375	239
376	238
377	238
377	237
378	236
378	232
377	232
376	231
376	228
378	226
379	226
379	225
380	224
380	216
379	215
379	212
378	211
379	210
380	210
381	211
381	214
382	215
382	203
383	202
382	201
384	199
386	201
386	215
385	216
385	221
384	222
384	226
383	227
383	230
382	231
382	235
381	236
381	237
380	238
380	240
379	241
379	242
380	242
380	239
383	236
383	230
384	229
384	228
385	227
385	225
386	224
386	217
388	215
388	198
387	197
387	192
388	191
388	189
387	188
387	179
386	178
386	176
384	174
384	173
383	172
383	169
384	168
384	166
383	165
383	163
382	162
382	158
381	157
381	152
379	150
379	144
377	142
377	141
374	138
374	134
373	134
372	133
373	132
373	130
372	129
372	128
371	127
371	126
370	125
370	124
368	122
368	120
363	115
363	114
362	113
362	112
361	112
360	111
360	110
359	109
359	108
358	107
358	106
356	104
356	103
355	102
355	101
354	100
353	100
350	97
349	97
346	94
346	93
345	93
344	92
344	89
343	88
343	87
341	85
341	84
340	83
339	83
334	78
334	77
330	73
329	73
328	72
328	71
322	65
321	65
320	64
319	64
316	61
316	60
314	60
313	59
313	58
310	55
309	55
308	54
307	54
306	53
306	52
305	52
304	51
303	51
301	49
300	49
299	48
298	48
297	47
297	46
294	46
291	43
290	43
287	40
286	40
284	38
284	37
281	37
280	36
279	36
278	35
277	35
274	32
273	32
272	31
270	31
269	30
268	30
267	29
265	29
263	27
262	27
261	26
260	26
259	25
257	25
255	23
250	23
248	21
246	21
245	20
244	20
243	19
238	19
237	18
232	18
230	16
225	16
223	14
224	13
222	15
221	15
220	14
211	14
210	13
210	12
