179	36
182	36
183	37
183	38
182	39
171	39
170	38
169	39
167	39
166	40
164	40
164	41
162	43
161	43
160	44
157	44
156	45
148	45
147	46
143	46
142	47
138	47
137	48
136	48
135	49
134	49
131	52
130	52
129	53
128	53
126	55
125	55
123	57
122	57
119	60
118	60
117	61
116	61
114	63
113	63
113	64
109	68
108	68
105	71
105	72
104	73
103	73
102	74
102	75
99	78
99	80
98	81
97	81
96	80
96	78
98	76
98	74
99	73
99	72
102	69
103	69
104	68
104	67
106	65
107	65
110	62
111	63
111	62
113	60
114	60
113	60
112	59
112	58
113	57
114	57
115	56
117	56
118	55
119	55
119	54
118	55
117	55
116	56
115	56
114	57
113	57
112	58
111	58
108	61
108	62
101	69
100	69
100	70
99	71
98	71
95	74
95	75
91	79
91	80
90	81
90	82
89	83
89	84
85	88
85	89
84	90
84	91
82	93
82	94
81	95
81	96
78	99
78	100
74	104
74	105
72	107
72	108
72	107
73	106
74	106
75	107
75	108
76	109
75	110
73	110
73	111
71	113
70	113
69	112
69	111
66	114
66	118
65	119
65	126
64	127
64	128
63	129
63	134
62	135
62	146
61	147
61	150
60	151
60	157
59	158
59	178
60	179
60	185
61	186
61	190
62	191
62	194
63	195
63	199
64	200
64	203
65	204
65	206
66	207
66	208
67	209
67	210
68	211
68	212
69	213
69	214
70	215
70	216
71	217
71	218
74	221
74	222
75	223
75	224
77	226
77	227
78	228
78	229
82	233
82	234
84	236
84	237
89	242
89	243
90	243
91	244
91	245
92	246
92	247
95	250
95	251
98	254
98	255
99	256
100	256
102	258
103	258
104	259
104	260
108	264
108	266
109	267
108	268
108	269
109	270
109	271
110	271
112	273
114	273
115	274
115	275
116	276
116	279
117	280
117	281
118	280
121	280
122	281
121	282
120	282
121	283
121	284
119	286
119	287
120	287
124	283
125	284
126	284
129	287
129	288
130	289
130	290
129	291
128	291
130	293
129	294
127	294
127	297
128	298
128	299
130	299
132	301
133	301
133	300
132	300
130	298
130	297
129	297
128	296
128	295
129	294
130	295
131	295
132	296
133	296
135	298
137	298
145	306
146	306
147	307
147	308
148	308
149	309
149	310
151	312
152	312
154	314
156	314
157	313
158	313
162	317
164	317
166	319
166	320
167	321
167	322
170	325
170	326
172	328
173	328
175	330
176	330
177	331
179	331
181	333
182	333
184	335
186	335
187	336
189	336
190	337
190	336
188	336
187	335
186	335
183	332
184	331
185	331
186	332
187	332
188	333
189	333
190	334
191	334
195	338
196	338
197	339
200	339
201	340
206	340
208	342
209	341
210	341
211	342
230	342
231	341
237	341
238	342
237	343
238	342
241	342
242	341
244	341
245	340
247	340
249	338
250	338
250	337
251	336
253	336
255	334
258	334
259	333
263	333
263	332
264	331
265	331
266	330
267	330
268	329
269	329
270	328
271	328
273	326
274	326
275	327
274	328
274	329
272	331
271	331
270	332
269	332
269	333
268	334
268	335
269	336
271	336
272	337
272	336
273	335
274	335
275	334
276	334
277	335
277	339
276	340
274	340
271	343
270	343
270	344
271	344
272	345
272	346
273	347
273	348
272	349
272	350
271	351
269	351
270	352
271	352
272	351
273	351
275	349
278	349
279	348
280	348
280	345
281	344
282	345
284	345
285	346
284	347
282	347
286	347
287	346
287	345
288	344
290	344
291	343
292	343
293	342
295	344
294	345
293	345
292	346
291	346
290	347
289	347
287	349
286	349
285	350
283	350
282	351
276	351
275	352
277	354
279	354
280	353
281	353
282	352
283	352
284	351
286	351
287	350
291	350
292	349
293	349
293	348
294	347
295	347
296	346
297	346
299	344
295	344
294	343
295	342
294	341
295	340
298	340
299	339
299	337
301	335
304	335
305	334
304	335
301	335
300	336
299	336
297	334
299	332
300	332
301	331
301	326
303	324
306	324
307	325
308	324
308	321
309	320
310	321
310	325
307	328
308	329
309	329
311	327
311	325
312	324
312	322
311	321
311	320
312	319
315	322
317	322
318	321
318	319
319	318
321	320
324	320
325	319
325	317
327	315
326	314
326	311
325	310
325	309
326	308
326	307
325	307
324	308
321	305
321	303
320	302
320	300
319	299
317	299
316	298
317	297
317	295
316	294
318	292
318	291
319	290
319	289
320	288
321	288
324	285
324	284
328	280
328	278
329	277
329	276
330	275
330	270
333	267
333	266
336	263
336	262
337	261
337	257
339	255
339	249
338	248
339	247
339	245
340	244
342	246
342	247
342	245
340	243
340	242
339	241
339	226
340	225
340	224
339	223
339	216
338	215
338	214
339	213
339	205
338	204
338	201
337	200
337	199
336	198
336	190
335	189
335	185
334	184
334	183
333	182
333	178
331	176
331	175
329	173
329	169
328	168
328	167
326	165
326	163
325	162
324	162
323	161
323	156
322	155
322	154
321	154
320	153
320	148
318	146
318	144
317	143
316	143
315	142
315	138
312	135
312	134
311	133
311	127
310	128
309	127
309	125
308	124
308	121
309	120
310	120
310	119
308	117
308	116
304	112
304	111
303	110
303	109
302	108
302	107
301	106
301	103
300	102
300	104
299	105
297	103
297	101
296	100
296	98
295	97
295	96
294	96
293	95
293	91
292	91
292	96
295	99
295	101
296	102
296	104
297	105
297	106
296	107
292	107
291	106
290	106
289	105
289	104
288	103
288	99
287	98
287	91
285	89
284	89
283	88
282	88
281	87
280	87
278	85
278	83
279	82
280	82
281	83
281	84
282	84
284	86
286	86
288	88
288	87
285	84
285	83
284	83
281	80
280	80
279	79
278	79
277	78
277	77
276	77
275	76
275	75
274	75
273	74
273	73
270	70
270	69
268	69
266	67
266	66
265	66
263	64
261	64
260	63
258	63
254	59
253	59
247	53
246	53
245	52
244	52
243	51
241	51
239	49
226	49
225	48
224	48
223	47
218	47
216	45
215	45
215	46
214	47
213	46
213	45
206	45
205	44
203	44
200	41
199	41
198	40
196	40
195	39
193	39
191	37
187	37
186	36
179	36
182	36
183	37
183	38
182	39
171	39
170	38
169	39
167	39
166	40
164	40
164	41
162	43
161	43
160	44
157	44
156	45
148	45
147	46
143	46
142	47
138	47
137	48
136	48
135	49
134	49
131	52
130	52
129	53
128	53
126	55
125	55
123	57
122	57
119	60
118	60
117	61
116	61
114	63
113	63
113	64
109	68
108	68
105	71
105	72
104	73
103	73
102	74
102	75
99	78
99	80
98	81
97	81
96	80
96	78
98	76
98	74
99	73
99	72
102	69
103	69
104	68
104	67
106	65
107	65
110	62
111	63
111	62
113	60
114	60
113	60
112	59
112	58
113	57
114	57
115	56
117	56
118	55
119	55
119	54
118	55
117	55
116	56
115	56
114	57
113	57
112	58
111	58
108	61
108	62
101	69
100	69
100	70
99	71
98	71
95	74
95	75
91	79
91	80
90	81
90	82
89	83
89	84
85	88
85	89
84	90
84	91
82	93
82	94
81	95
81	96
78	99
78	100
74	104
74	105
72	107
72	108
72	107
73	106
74	106
75	107
75	108
76	109
75	110
73	110
73	111
71	113
70	113
69	112
69	111
66	114
66	118
65	119
65	126
64	127
64	128
63	129
63	134
62	135
62	146
61	147
61	150
60	151
60	157
59	158
59	178
60	179
60	185
61	186
61	190
62	191
62	194
63	195
63	199
64	200
64	203
65	204
65	206
66	207
66	208
67	209
67	210
68	211
68	212
69	213
69	214
70	215
70	216
71	217
71	218
74	221
74	222
75	223
75	224
77	226
77	227
78	228
78	229
82	233
82	234
84	236
84	237
89	242
89	243
90	243
91	244
91	245
92	246
92	247
95	250
95	251
98	254
98	255
99	256
100	256
102	258
103	258
104	259
104	260
108	264
108	266
109	267
108	268
108	269
109	270
109	271
110	271
112	273
114	273
115	274
115	275
116	276
116	279
117	280
117	281
118	280
121	280
122	281
121	282
120	282
121	283
121	284
119	286
119	287
120	287
124	283
125	284
126	284
129	287
129	288
130	289
130	290
129	291
128	291
130	293
129	294
127	294
127	297
128	298
128	299
130	299
132	301
133	301
133	300
132	300
130	298
130	297
129	297
128	296
128	295
129	294
130	295
131	295
132	296
133	296
135	298
137	298
145	306
146	306
147	307
147	308
148	308
149	309
149	310
151	312
152	312
154	314
156	314
157	313
158	313
162	317
164	317
166	319
166	320
167	321
167	322
170	325
170	326
172	328
173	328
175	330
176	330
177	331
179	331
181	333
182	333
184	335
186	335
187	336
189	336
190	337
190	336
188	336
187	335
186	335
183	332
184	331
185	331
186	332
187	332
188	333
189	333
190	334
191	334
195	338
196	338
197	339
200	339
201	340
206	340
208	342
209	341
210	341
211	342
230	342
231	341
237	341
238	342
237	343
238	342
241	342
242	341
244	341
245	340
247	340
249	338
250	338
250	337
251	336
253	336
255	334
258	334
259	333
263	333
263	332
264	331
265	331
266	330
267	330
268	329
269	329
270	328
271	328
273	326
274	326
275	327
274	328
274	329
272	331
271	331
270	332
269	332
269	333
268	334
268	335
269	336
271	336
272	337
272	336
273	335
274	335
275	334
276	334
277	335
277	339
276	340
274	340
271	343
270	343
270	344
271	344
272	345
272	346
273	347
273	348
272	349
272	350
271	351
269	351
270	352
271	352
272	351
273	351
275	349
278	349
279	348
280	348
280	345
281	344
282	345
284	345
285	346
284	347
282	347
286	347
287	346
287	345
288	344
290	344
291	343
292	343
293	342
295	344
294	345
293	345
292	346
291	346
290	347
289	347
287	349
286	349
285	350
283	350
282	351
276	351
275	352
277	354
279	354
280	353
281	353
282	352
283	352
284	351
286	351
287	350
291	350
292	349
293	349
293	348
294	347
295	347
296	346
297	346
299	344
295	344
294	343
295	342
294	341
295	340
298	340
299	339
299	337
301	335
304	335
305	334
304	335
301	335
300	336
299	336
297	334
299	332
300	332
301	331
301	326
303	324
306	324
307	325
308	324
308	321
309	320
310	321
310	325
307	328
308	329
309	329
311	327
311	325
312	324
312	322
311	321
311	320
312	319
315	322
317	322
318	321
318	319
319	318
321	320
324	320
325	319
325	317
327	315
326	314
326	311
325	310
325	309
326	308
326	307
325	307
324	308
321	305
321	303
320	302
320	300
319	299
317	299
316	298
317	297
317	295
316	294
318	292
318	291
319	290
319	289
320	288
321	288
324	285
324	284
328	280
328	278
329	277
329	276
330	275
330	270
333	267
333	266
336	263
336	262
337	261
337	257
339	255
339	249
338	248
339	247
339	245
340	244
342	246
342	247
342	245
340	243
340	242
339	241
339	226
340	225
340	224
339	223
339	216
338	215
338	214
339	213
339	205
338	204
338	201
337	200
337	199
336	198
336	190
335	189
335	185
334	184
334	183
333	182
333	178
331	176
331	175
329	173
329	169
328	168
328	167
326	165
326	163
325	162
324	162
323	161
323	156
322	155
322	154
321	154
320	153
320	148
318	146
318	144
317	143
316	143
315	142
315	138
312	135
312	134
311	133
311	127
310	128
309	127
309	125
308	124
308	121
309	120
310	120
310	119
308	117
308	116
304	112
304	111
303	110
303	109
302	108
302	107
301	106
301	103
300	102
300	104
299	105
297	103
297	101
296	100
296	98
295	97
295	96
294	96
293	95
293	91
292	91
292	96
295	99
295	101
296	102
296	104
297	105
297	106
296	107
292	107
291	106
290	106
289	105
289	104
288	103
288	99
287	98
287	91
285	89
284	89
283	88
282	88
281	87
280	87
278	85
278	83
279	82
280	82
281	83
281	84
282	84
284	86
286	86
288	88
288	87
285	84
285	83
284	83
281	80
280	80
279	79
278	79
277	78
277	77
276	77
275	76
275	75
274	75
273	74
273	73
270	70
270	69
268	69
266	67
266	66
265	66
263	64
261	64
260	63
258	63
254	59
253	59
247	53
246	53
245	52
244	52
243	51
241	51
239	49
226	49
225	48
224	48
223	47
218	47
216	45
215	45
215	46
214	47
213	46
213	45
206	45
205	44
203	44
200	41
199	41
198	40
196	40
195	39
193	39
191	37
187	37
186	36
179	36
182	36
183	37
183	38
182	39
171	39
170	38
169	39
167	39
166	40
164	40
164	41
162	43
161	43
160	44
157	44
156	45
148	45
147	46
143	46
142	47
138	47
137	48
136	48
135	49
134	49
131	52
130	52
129	53
128	53
126	55
125	55
123	57
122	57
119	60
118	60
117	61
116	61
114	63
113	63
113	64
109	68
108	68
105	71
105	72
104	73
103	73
102	74
102	75
99	78
99	80
98	81
97	81
96	80
96	78
98	76
98	74
99	73
99	72
102	69
103	69
104	68
104	67
106	65
107	65
110	62
111	63
111	62
113	60
114	60
113	60
112	59
112	58
113	57
114	57
115	56
117	56
118	55
119	55
119	54
118	55
117	55
116	56
115	56
114	57
113	57
112	58
111	58
108	61
108	62
101	69
100	69
100	70
99	71
98	71
95	74
95	75
91	79
91	80
90	81
90	82
89	83
89	84
85	88
85	89
84	90
84	91
82	93
82	94
81	95
81	96
78	99
78	100
74	104
74	105
72	107
72	108
72	107
73	106
74	106
75	107
75	108
76	109
75	110
73	110
73	111
71	113
70	113
69	112
69	111
66	114
66	118
65	119
65	126
64	127
64	128
63	129
63	134
62	135
62	146
61	147
61	150
60	151
60	157
59	158
59	178
60	179
60	185
61	186
61	190
62	191
62	194
63	195
63	199
64	200
64	203
65	204
65	206
66	207
66	208
67	209
67	210
68	211
68	212
69	213
69	214
70	215
70	216
71	217
71	218
74	221
74	222
75	223
75	224
77	226
77	227
78	228
78	229
82	233
82	234
84	236
84	237
89	242
89	243
90	243
91	244
91	245
92	246
92	247
95	250
95	251
98	254
98	255
99	256
100	256
102	258
103	258
104	259
104	260
108	264
108	266
109	267
108	268
108	269
109	270
109	271
110	271
112	273
114	273
115	274
115	275
116	276
116	279
117	280
117	281
118	280
121	280
122	281
121	282
120	282
121	283
121	284
119	286
119	287
120	287
124	283
125	284
126	284
129	287
129	288
130	289
130	290
129	291
128	291
130	293
129	294
127	294
127	297
128	298
128	299
130	299
132	301
133	301
133	300
132	300
130	298
130	297
129	297
128	296
128	295
129	294
130	295
131	295
132	296
133	296
135	298
137	298
145	306
146	306
147	307
147	308
148	308
149	309
149	310
151	312
152	312
154	314
156	314
157	313
158	313
162	317
164	317
166	319
166	320
167	321
167	322
170	325
170	326
172	328
173	328
175	330
176	330
177	331
179	331
181	333
182	333
184	335
186	335
187	336
189	336
190	337
190	336
188	336
187	335
186	335
183	332
184	331
185	331
186	332
187	332
188	333
189	333
190	334
191	334
195	338
196	338
197	339
200	339
201	340
206	340
208	342
209	341
210	341
211	342
230	342
231	341
237	341
238	342
237	343
238	342
241	342
242	341
244	341
245	340
247	340
249	338
250	338
250	337
251	336
253	336
255	334
258	334
259	333
263	333
263	332
264	331
265	331
266	330
267	330
268	329
269	329
270	328
271	328
273	326
274	326
275	327
274	328
274	329
272	331
271	331
270	332
269	332
269	333
268	334
268	335
269	336
271	336
272	337
272	336
273	335
274	335
275	334
276	334
277	335
277	339
276	340
274	340
271	343
270	343
270	344
271	344
272	345
272	346
273	347
273	348
272	349
272	350
271	351
269	351
270	352
271	352
272	351
273	351
275	349
278	349
279	348
280	348
280	345
281	344
282	345
284	345
285	346
284	347
282	347
286	347
287	346
287	345
288	344
290	344
291	343
292	343
293	342
295	344
294	345
293	345
292	346
291	346
290	347
289	347
287	349
286	349
285	350
283	350
282	351
276	351
275	352
277	354
279	354
280	353
281	353
282	352
283	352
284	351
286	351
287	350
291	350
292	349
293	349
293	348
294	347
295	347
296	346
297	346
299	344
295	344
294	343
295	342
294	341
295	340
298	340
299	339
299	337
301	335
304	335
305	334
304	335
301	335
300	336
299	336
297	334
299	332
300	332
301	331
301	326
303	324
306	324
307	325
308	324
308	321
309	320
310	321
310	325
307	328
308	329
309	329
311	327
311	325
312	324
312	322
311	321
311	320
312	319
315	322
317	322
318	321
318	319
319	318
321	320
324	320
325	319
325	317
327	315
326	314
326	311
325	310
325	309
326	308
326	307
325	307
324	308
321	305
321	303
320	302
320	300
319	299
317	299
316	298
317	297
317	295
316	294
318	292
318	291
319	290
319	289
320	288
321	288
324	285
324	284
328	280
328	278
329	277
329	276
330	275
330	270
333	267
333	266
336	263
336	262
337	261
337	257
339	255
339	249
338	248
339	247
339	245
340	244
342	246
342	247
342	245
340	243
340	242
339	241
339	226
340	225
340	224
339	223
339	216
338	215
338	214
339	213
339	205
338	204
338	201
337	200
337	199
336	198
336	190
335	189
335	185
334	184
334	183
333	182
333	178
331	176
331	175
329	173
329	169
328	168
328	167
326	165
326	163
325	162
324	162
323	161
323	156
322	155
322	154
321	154
320	153
320	148
318	146
318	144
317	143
316	143
315	142
315	138
312	135
312	134
311	133
311	127
310	128
309	127
309	125
308	124
308	121
309	120
310	120
310	119
308	117
308	116
304	112
304	111
303	110
303	109
302	108
302	107
301	106
301	103
300	102
300	104
299	105
297	103
297	101
296	100
296	98
295	97
295	96
294	96
293	95
293	91
292	91
292	96
295	99
295	101
296	102
296	104
297	105
297	106
296	107
292	107
291	106
290	106
289	105
289	104
288	103
288	99
287	98
287	91
285	89
284	89
283	88
282	88
281	87
280	87
278	85
278	83
279	82
280	82
281	83
281	84
282	84
284	86
286	86
288	88
288	87
285	84
285	83
284	83
281	80
280	80
279	79
278	79
277	78
277	77
276	77
275	76
275	75
274	75
273	74
273	73
270	70
270	69
268	69
266	67
266	66
265	66
263	64
261	64
260	63
258	63
254	59
253	59
247	53
246	53
245	52
244	52
243	51
241	51
239	49
226	49
225	48
224	48
223	47
218	47
216	45
215	45
215	46
214	47
213	46
213	45
206	45
205	44
203	44
200	41
199	41
198	40
196	40
195	39
193	39
191	37
187	37
186	36
179	36
182	36
183	37
183	38
182	39
171	39
170	38
169	39
167	39
166	40
164	40
164	41
162	43
161	43
160	44
157	44
156	45
148	45
147	46
143	46
142	47
138	47
137	48
136	48
135	49
134	49
131	52
130	52
129	53
128	53
126	55
125	55
123	57
122	57
119	60
118	60
117	61
116	61
114	63
113	63
113	64
109	68
108	68
105	71
105	72
104	73
103	73
102	74
102	75
99	78
99	80
98	81
97	81
96	80
96	78
98	76
98	74
99	73
99	72
102	69
103	69
104	68
104	67
106	65
107	65
110	62
111	63
111	62
113	60
114	60
113	60
112	59
112	58
113	57
114	57
115	56
117	56
118	55
119	55
119	54
118	55
117	55
116	56
115	56
114	57
113	57
112	58
111	58
108	61
108	62
101	69
100	69
100	70
99	71
98	71
95	74
95	75
91	79
91	80
90	81
90	82
89	83
89	84
85	88
85	89
84	90
84	91
82	93
82	94
81	95
81	96
78	99
78	100
74	104
74	105
72	107
72	108
72	107
73	106
74	106
75	107
75	108
76	109
75	110
73	110
73	111
71	113
70	113
69	112
69	111
66	114
66	118
65	119
65	126
64	127
64	128
63	129
63	134
62	135
62	146
61	147
61	150
60	151
60	157
59	158
59	178
60	179
60	185
61	186
61	190
62	191
62	194
63	195
63	199
64	200
64	203
65	204
65	206
66	207
66	208
67	209
67	210
68	211
68	212
69	213
69	214
70	215
70	216
71	217
71	218
74	221
74	222
75	223
75	224
77	226
77	227
78	228
78	229
82	233
82	234
84	236
84	237
89	242
89	243
90	243
91	244
91	245
92	246
92	247
95	250
95	251
98	254
98	255
99	256
100	256
102	258
103	258
104	259
104	260
108	264
108	266
109	267
108	268
108	269
109	270
109	271
110	271
112	273
114	273
115	274
115	275
116	276
116	279
117	280
117	281
118	280
121	280
122	281
121	282
120	282
121	283
121	284
119	286
119	287
120	287
124	283
125	284
126	284
129	287
129	288
130	289
130	290
129	291
128	291
130	293
129	294
127	294
127	297
128	298
128	299
130	299
132	301
133	301
133	300
132	300
130	298
130	297
129	297
128	296
128	295
129	294
130	295
131	295
132	296
133	296
135	298
137	298
145	306
146	306
147	307
147	308
148	308
149	309
149	310
151	312
152	312
154	314
156	314
157	313
158	313
162	317
164	317
166	319
166	320
167	321
167	322
170	325
170	326
172	328
173	328
175	330
176	330
177	331
179	331
181	333
182	333
184	335
186	335
187	336
189	336
190	337
190	336
188	336
187	335
186	335
183	332
184	331
185	331
186	332
187	332
188	333
189	333
190	334
191	334
195	338
196	338
197	339
200	339
201	340
206	340
208	342
209	341
210	341
211	342
230	342
231	341
237	341
238	342
237	343
238	342
241	342
242	341
244	341
245	340
247	340
249	338
250	338
250	337
251	336
253	336
255	334
258	334
259	333
263	333
263	332
264	331
265	331
266	330
267	330
268	329
269	329
270	328
271	328
273	326
274	326
275	327
274	328
274	329
272	331
271	331
270	332
269	332
269	333
268	334
268	335
269	336
271	336
272	337
272	336
273	335
274	335
275	334
276	334
277	335
277	339
276	340
274	340
271	343
270	343
270	344
271	344
272	345
272	346
273	347
273	348
272	349
272	350
271	351
269	351
270	352
271	352
272	351
273	351
275	349
278	349
279	348
280	348
280	345
281	344
282	345
284	345
285	346
284	347
282	347
286	347
287	346
287	345
288	344
290	344
291	343
292	343
293	342
295	344
294	345
293	345
292	346
291	346
290	347
289	347
287	349
286	349
285	350
283	350
282	351
276	351
275	352
277	354
279	354
280	353
281	353
282	352
283	352
284	351
286	351
287	350
291	350
292	349
293	349
293	348
294	347
295	347
296	346
297	346
299	344
295	344
294	343
295	342
294	341
295	340
298	340
299	339
299	337
301	335
304	335
305	334
304	335
301	335
300	336
299	336
297	334
299	332
300	332
301	331
301	326
303	324
306	324
307	325
308	324
308	321
309	320
310	321
310	325
307	328
308	329
309	329
311	327
311	325
312	324
312	322
311	321
311	320
312	319
315	322
317	322
318	321
318	319
319	318
321	320
324	320
325	319
325	317
327	315
326	314
326	311
325	310
325	309
326	308
326	307
325	307
324	308
321	305
321	303
320	302
320	300
319	299
317	299
316	298
317	297
317	295
316	294
318	292
318	291
319	290
319	289
320	288
321	288
324	285
324	284
328	280
328	278
329	277
329	276
330	275
330	270
333	267
333	266
336	263
336	262
337	261
337	257
339	255
339	249
338	248
339	247
339	245
340	244
342	246
342	247
342	245
340	243
340	242
339	241
339	226
340	225
340	224
339	223
339	216
338	215
338	214
339	213
339	205
338	204
338	201
337	200
337	199
336	198
336	190
335	189
335	185
334	184
334	183
333	182
333	178
331	176
331	175
329	173
329	169
328	168
328	167
326	165
326	163
325	162
324	162
323	161
323	156
322	155
322	154
321	154
320	153
320	148
318	146
318	144
317	143
316	143
315	142
315	138
312	135
312	134
311	133
311	127
310	128
309	127
309	125
308	124
308	121
309	120
310	120
310	119
308	117
308	116
304	112
304	111
303	110
303	109
302	108
302	107
301	106
301	103
300	102
300	104
299	105
297	103
297	101
296	100
296	98
295	97
295	96
294	96
293	95
293	91
292	91
292	96
295	99
295	101
296	102
296	104
297	105
297	106
296	107
292	107
291	106
290	106
289	105
289	104
288	103
288	99
287	98
287	91
285	89
284	89
283	88
282	88
281	87
280	87
278	85
278	83
279	82
280	82
281	83
281	84
282	84
284	86
286	86
288	88
288	87
285	84
285	83
284	83
281	80
280	80
279	79
278	79
277	78
277	77
276	77
275	76
275	75
274	75
273	74
273	73
270	70
270	69
268	69
266	67
266	66
265	66
263	64
261	64
260	63
258	63
254	59
253	59
247	53
246	53
245	52
244	52
243	51
241	51
239	49
226	49
225	48
224	48
223	47
218	47
216	45
215	45
215	46
214	47
213	46
213	45
206	45
205	44
203	44
200	41
199	41
198	40
196	40
195	39
193	39
191	37
187	37
186	36
