244	36
243	37
242	37
241	38
240	38
239	39
236	39
235	40
234	40
233	41
232	41
231	40
229	40
228	41
225	41
222	44
221	44
220	45
219	45
216	48
215	48
213	50
212	50
211	51
210	51
209	52
208	52
207	53
206	53
205	54
204	54
203	55
202	55
198	59
197	59
196	60
196	61
193	64
191	64
191	65
188	68
187	68
186	67
186	66
188	64
189	64
189	63
188	62
189	61
190	61
188	61
185	64
185	65
183	67
183	68
185	68
186	69
185	70
185	71
183	73
183	74
181	76
181	78
178	81
177	81
176	82
175	82
174	81
176	79
174	81
173	80
173	77
174	76
174	75
171	78
171	79
168	82
168	84
167	85
167	86
165	88
165	89
164	90
164	93
163	94
163	97
162	98
162	101
161	102
161	103
160	104
160	107
159	108
159	110
158	111
157	111
159	113
158	114
158	117
157	118
156	117
155	118
155	120
154	121
152	119
152	118
153	117
153	113
152	112
151	112
150	113
149	113
148	112
142	112
141	111
140	112
138	112
137	113
136	113
135	112
134	112
134	113
133	114
129	114
128	113
129	112
130	112
129	112
127	110
127	111
126	112
123	112
122	111
113	111
113	112
112	113
90	113
89	114
86	114
85	115
84	115
83	116
80	116
78	118
73	118
74	119
73	120
69	120
68	121
67	121
66	122
65	122
62	125
61	125
60	126
59	126
59	127
55	131
53	131
53	132
51	134
50	134
47	137
47	138
44	141
44	142
43	143
42	143
42	146
39	149
39	150
38	151
38	152
37	153
37	154
36	155
36	156
35	157
35	158
34	159
33	158
33	157
33	159
34	160
33	161
33	162
32	163
31	162
31	161
31	163
32	164
32	165
31	166
30	166
30	167
31	168
31	169
30	170
29	169
29	171
28	172
28	174
27	175
27	178
26	179
26	180
25	181
25	187
24	188
24	191
23	192
23	203
22	204
22	215
23	216
23	236
26	239
26	245
27	246
27	248
28	249
28	255
30	257
30	259
31	260
31	263
32	263
34	265
34	266
35	267
35	272
36	273
36	275
38	277
38	280
40	282
40	284
41	285
41	286
45	290
45	291
47	293
47	294
48	295
48	296
49	297
49	298
51	300
51	301
53	303
53	304
55	306
55	308
56	308
57	307
58	308
58	309
62	313
62	315
63	316
64	316
65	317
65	318
66	319
67	319
69	321
69	322
70	323
71	322
72	322
76	326
76	328
77	328
79	330
81	330
85	334
86	334
87	335
87	336
88	337
89	337
90	338
92	338
93	339
95	339
98	342
99	342
100	343
102	343
104	345
106	345
104	343
103	343
102	342
100	342
99	341
98	341
96	339
94	339
92	337
89	337
84	332
84	331
83	330
82	330
78	326
77	326
76	325
76	324
77	323
78	323
79	324
82	324
83	325
83	326
89	332
90	332
92	334
93	334
94	335
95	335
96	336
97	336
98	337
99	337
100	338
101	338
103	340
105	340
106	341
107	341
108	342
110	342
112	344
115	344
116	345
117	345
118	346
121	346
122	347
124	347
125	348
126	348
127	349
130	349
131	350
134	350
135	351
147	351
148	350
161	350
162	349
164	349
165	348
169	348
170	347
173	347
174	346
176	348
175	349
179	349
180	348
181	348
182	347
184	347
186	345
187	345
190	342
191	343
191	346
189	348
187	348
186	349
184	349
184	350
183	351
179	351
179	352
182	352
183	353
182	352
183	351
184	351
185	350
188	350
189	351
191	351
190	350
190	349
192	347
192	342
195	339
196	339
197	338
197	337
198	336
199	336
200	335
199	335
198	336
197	336
195	338
194	338
193	339
191	339
190	338
195	333
196	333
198	331
199	331
200	330
201	330
212	319
213	320
213	321
211	323
211	324
210	325
211	326
213	324
213	323
214	322
216	322
217	321
218	322
218	324
217	325
216	325
216	329
215	330
214	330
213	329
215	331
215	330
216	329
217	330
218	330
219	331
219	332
220	333
221	333
222	334
222	335
223	335
224	334
225	334
228	337
228	338
229	339
230	339
231	340
234	340
235	341
237	341
238	342
238	344
237	345
237	346
236	347
235	347
234	348
234	349
235	350
231	354
230	354
229	353
227	353
227	355
232	355
232	354
234	352
235	352
235	351
238	348
239	348
240	347
240	346
242	344
245	344
246	345
246	344
247	343
248	343
249	342
252	342
253	341
255	341
256	340
258	340
259	339
261	339
262	338
263	338
265	336
268	336
270	334
272	334
272	333
274	331
276	331
277	330
277	329
279	327
279	325
280	324
279	325
279	326
278	327
277	327
274	330
273	330
270	333
268	333
267	334
265	334
264	333
264	332
266	330
267	330
268	329
270	329
271	328
272	328
272	327
273	326
274	326
275	325
275	324
276	323
276	321
277	320
277	317
278	316
278	313
279	312
279	305
280	304
280	297
279	296
279	292
278	291
278	289
279	288
280	288
281	287
285	287
286	288
287	288
286	287
286	286
278	286
277	285
275	285
274	284
274	281
273	280
273	277
274	276
274	275
276	273
277	274
277	275
276	276
276	279
277	280
280	280
282	278
284	278
285	279
286	279
287	280
291	280
292	279
296	279
297	280
300	280
301	281
302	280
303	280
304	281
305	280
309	280
310	279
311	279
313	277
317	277
319	275
321	275
322	274
323	274
324	273
325	273
326	272
327	272
328	273
331	273
332	274
330	276
329	276
328	277
327	277
326	278
319	278
318	279
319	279
320	280
319	281
317	281
316	282
316	283
315	284
310	284
309	285
305	285
304	284
303	284
302	283
297	283
296	282
291	282
290	283
287	283
285	281
285	283
286	283
287	284
292	284
293	283
295	283
296	284
300	284
301	285
302	285
303	286
306	286
307	287
306	288
310	288
311	287
312	287
313	286
315	286
315	285
316	284
317	284
317	283
318	282
320	282
321	281
328	281
329	280
330	280
331	279
332	279
333	278
334	278
336	276
337	276
339	274
342	274
344	272
345	272
347	270
348	270
349	269
351	269
353	267
354	267
357	264
358	264
360	262
360	259
365	254
364	254
361	257
360	257
358	259
358	260
356	262
355	262
354	263
354	264
353	265
352	264
352	262
351	262
351	264
348	267
346	267
345	268
343	268
343	269
342	270
340	270
339	271
337	271
335	273
334	273
333	274
332	274
330	272
330	271
331	270
333	270
335	268
336	269
338	267
339	267
341	265
342	265
343	264
345	264
345	263
347	261
348	261
349	260
352	260
353	259
355	259
355	258
356	257
357	257
358	256
358	255
360	253
361	253
362	252
363	252
364	251
365	251
366	250
366	249
367	248
368	248
368	247
369	246
371	246
371	245
372	244
372	243
373	242
374	242
375	243
375	245
374	246
374	251
373	252
373	254
374	255
374	253
375	252
375	251
376	250
376	247
375	246
376	245
376	243
377	242
377	241
378	240
379	240
380	239
379	238
379	237
380	236
381	236
382	235
382	234
383	233
383	231
384	230
384	224
383	225
383	228
380	231
380	233
379	234
378	234
378	235
377	236
377	237
376	238
376	239
375	240
374	239
374	236
376	234
376	232
377	231
377	230
379	228
379	223
380	222
380	220
379	219
379	210
378	209
378	208
379	207
379	194
380	193
380	173
379	172
379	165
378	164
378	159
377	158
377	155
376	154
376	146
375	145
375	143
374	142
374	139
373	138
373	137
372	137
371	136
371	129
370	128
370	126
369	125
369	123
368	122
367	122
366	121
366	120
365	120
364	119
364	116
363	115
363	114
361	112
361	111
360	111
359	110
359	109
357	107
357	106
356	105
356	104
355	103
355	101
354	100
354	99
353	99
351	97
351	96
350	95
350	93
349	93
348	92
348	91
347	90
347	89
344	86
344	85
340	81
340	80
339	79
339	78
334	73
334	72
333	72
330	69
330	68
329	68
328	67
328	66
327	65
326	65
322	61
321	61
320	60
320	59
319	59
314	54
313	54
312	53
311	53
310	52
309	52
306	49
307	48
311	48
314	51
315	51
320	56
322	56
323	57
323	58
329	64
330	64
336	70
336	71
337	72
339	72
340	73
340	74
341	75
342	75
343	76
343	79
344	79
345	80
346	80
348	82
348	83
350	85
350	87
351	87
351	84
348	81
348	79
347	78
345	78
344	77
344	75
340	71
339	71
338	70
338	69
333	64
332	64
331	63
330	63
329	62
328	62
326	60
326	59
325	59
324	58
324	57
323	57
322	56
320	56
317	53
317	52
316	51
315	51
311	47
306	47
307	48
306	49
304	49
302	47
300	47
298	45
297	45
296	44
295	44
290	39
289	39
288	38
288	37
285	37
284	36
276	36
274	38
273	38
271	40
269	40
268	41
266	39
263	39
262	38
260	38
259	37
257	37
256	36
244	36
243	37
242	37
241	38
240	38
239	39
236	39
235	40
234	40
233	41
232	41
231	40
229	40
228	41
225	41
222	44
221	44
220	45
219	45
216	48
215	48
213	50
212	50
211	51
210	51
209	52
208	52
207	53
206	53
205	54
204	54
203	55
202	55
198	59
197	59
196	60
196	61
193	64
191	64
191	65
188	68
187	68
186	67
186	66
188	64
189	64
189	63
188	62
189	61
190	61
188	61
185	64
185	65
183	67
183	68
185	68
186	69
185	70
185	71
183	73
183	74
181	76
181	78
178	81
177	81
176	82
175	82
174	81
176	79
174	81
173	80
173	77
174	76
174	75
171	78
171	79
168	82
168	84
167	85
167	86
165	88
165	89
164	90
164	93
163	94
163	97
162	98
162	101
161	102
161	103
160	104
160	107
159	108
159	110
158	111
157	111
159	113
158	114
158	117
157	118
156	117
155	118
155	120
154	121
152	119
152	118
153	117
153	113
152	112
151	112
150	113
149	113
148	112
142	112
141	111
140	112
138	112
137	113
136	113
135	112
134	112
134	113
133	114
129	114
128	113
129	112
130	112
129	112
127	110
127	111
126	112
123	112
122	111
113	111
113	112
112	113
90	113
89	114
86	114
85	115
84	115
83	116
80	116
78	118
73	118
74	119
73	120
69	120
68	121
67	121
66	122
65	122
62	125
61	125
60	126
59	126
59	127
55	131
53	131
53	132
51	134
50	134
47	137
47	138
44	141
44	142
43	143
42	143
42	146
39	149
39	150
38	151
38	152
37	153
37	154
36	155
36	156
35	157
35	158
34	159
33	158
33	157
33	159
34	160
33	161
33	162
32	163
31	162
31	161
31	163
32	164
32	165
31	166
30	166
30	167
31	168
31	169
30	170
29	169
29	171
28	172
28	174
27	175
27	178
26	179
26	180
25	181
25	187
24	188
24	191
23	192
23	203
22	204
22	215
23	216
23	236
26	239
26	245
27	246
27	248
28	249
28	255
30	257
30	259
31	260
31	263
32	263
34	265
34	266
35	267
35	272
36	273
36	275
38	277
38	280
40	282
40	284
41	285
41	286
45	290
45	291
47	293
47	294
48	295
48	296
49	297
49	298
51	300
51	301
53	303
53	304
55	306
55	308
56	308
57	307
58	308
58	309
62	313
62	315
63	316
64	316
65	317
65	318
66	319
67	319
69	321
69	322
70	323
71	322
72	322
76	326
76	328
77	328
79	330
81	330
85	334
86	334
87	335
87	336
88	337
89	337
90	338
92	338
93	339
95	339
98	342
99	342
100	343
102	343
104	345
106	345
104	343
103	343
102	342
100	342
99	341
98	341
96	339
94	339
92	337
89	337
84	332
84	331
83	330
82	330
78	326
77	326
76	325
76	324
77	323
78	323
79	324
82	324
83	325
83	326
89	332
90	332
92	334
93	334
94	335
95	335
96	336
97	336
98	337
99	337
100	338
101	338
103	340
105	340
106	341
107	341
108	342
110	342
112	344
115	344
116	345
117	345
118	346
121	346
122	347
124	347
125	348
126	348
127	349
130	349
131	350
134	350
135	351
147	351
148	350
161	350
162	349
164	349
165	348
169	348
170	347
173	347
174	346
176	348
175	349
179	349
180	348
181	348
182	347
184	347
186	345
187	345
190	342
191	343
191	346
189	348
187	348
186	349
184	349
184	350
183	351
179	351
179	352
182	352
183	353
182	352
183	351
184	351
185	350
188	350
189	351
191	351
190	350
190	349
192	347
192	342
195	339
196	339
197	338
197	337
198	336
199	336
200	335
199	335
198	336
197	336
195	338
194	338
193	339
191	339
190	338
195	333
196	333
198	331
199	331
200	330
201	330
212	319
213	320
213	321
211	323
211	324
210	325
211	326
213	324
213	323
214	322
216	322
217	321
218	322
218	324
217	325
216	325
216	329
215	330
214	330
213	329
215	331
215	330
216	329
217	330
218	330
219	331
219	332
220	333
221	333
222	334
222	335
223	335
224	334
225	334
228	337
228	338
229	339
230	339
231	340
234	340
235	341
237	341
238	342
238	344
237	345
237	346
236	347
235	347
234	348
234	349
235	350
231	354
230	354
229	353
227	353
227	355
232	355
232	354
234	352
235	352
235	351
238	348
239	348
240	347
240	346
242	344
245	344
246	345
246	344
247	343
248	343
249	342
252	342
253	341
255	341
256	340
258	340
259	339
261	339
262	338
263	338
265	336
268	336
270	334
272	334
272	333
274	331
276	331
277	330
277	329
279	327
279	325
280	324
279	325
279	326
278	327
277	327
274	330
273	330
270	333
268	333
267	334
265	334
264	333
264	332
266	330
267	330
268	329
270	329
271	328
272	328
272	327
273	326
274	326
275	325
275	324
276	323
276	321
277	320
277	317
278	316
278	313
279	312
279	305
280	304
280	297
279	296
279	292
278	291
278	289
279	288
280	288
281	287
285	287
286	288
287	288
286	287
286	286
278	286
277	285
275	285
274	284
274	281
273	280
273	277
274	276
274	275
276	273
277	274
277	275
276	276
276	279
277	280
280	280
282	278
284	278
285	279
286	279
287	280
291	280
292	279
296	279
297	280
300	280
301	281
302	280
303	280
304	281
305	280
309	280
310	279
311	279
313	277
317	277
319	275
321	275
322	274
323	274
324	273
325	273
326	272
327	272
328	273
331	273
332	274
330	276
329	276
328	277
327	277
326	278
319	278
318	279
319	279
320	280
319	281
317	281
316	282
316	283
315	284
310	284
309	285
305	285
304	284
303	284
302	283
297	283
296	282
291	282
290	283
287	283
285	281
285	283
286	283
287	284
292	284
293	283
295	283
296	284
300	284
301	285
302	285
303	286
306	286
307	287
306	288
310	288
311	287
312	287
313	286
315	286
315	285
316	284
317	284
317	283
318	282
320	282
321	281
328	281
329	280
330	280
331	279
332	279
333	278
334	278
336	276
337	276
339	274
342	274
344	272
345	272
347	270
348	270
349	269
351	269
353	267
354	267
357	264
358	264
360	262
360	259
365	254
364	254
361	257
360	257
358	259
358	260
356	262
355	262
354	263
354	264
353	265
352	264
352	262
351	262
351	264
348	267
346	267
345	268
343	268
343	269
342	270
340	270
339	271
337	271
335	273
334	273
333	274
332	274
330	272
330	271
331	270
333	270
335	268
336	269
338	267
339	267
341	265
342	265
343	264
345	264
345	263
347	261
348	261
349	260
352	260
353	259
355	259
355	258
356	257
357	257
358	256
358	255
360	253
361	253
362	252
363	252
364	251
365	251
366	250
366	249
367	248
368	248
368	247
369	246
371	246
371	245
372	244
372	243
373	242
374	242
375	243
375	245
374	246
374	251
373	252
373	254
374	255
374	253
375	252
375	251
376	250
376	247
375	246
376	245
376	243
377	242
377	241
378	240
379	240
380	239
379	238
379	237
380	236
381	236
382	235
382	234
383	233
383	231
384	230
384	224
383	225
383	228
380	231
380	233
379	234
378	234
378	235
377	236
377	237
376	238
376	239
375	240
374	239
374	236
376	234
376	232
377	231
377	230
379	228
379	223
380	222
380	220
379	219
379	210
378	209
378	208
379	207
379	194
380	193
380	173
379	172
379	165
378	164
378	159
377	158
377	155
376	154
376	146
375	145
375	143
374	142
374	139
373	138
373	137
372	137
371	136
371	129
370	128
370	126
369	125
369	123
368	122
367	122
366	121
366	120
365	120
364	119
364	116
363	115
363	114
361	112
361	111
360	111
359	110
359	109
357	107
357	106
356	105
356	104
355	103
355	101
354	100
354	99
353	99
351	97
351	96
350	95
350	93
349	93
348	92
348	91
347	90
347	89
344	86
344	85
340	81
340	80
339	79
339	78
334	73
334	72
333	72
330	69
330	68
329	68
328	67
328	66
327	65
326	65
322	61
321	61
320	60
320	59
319	59
314	54
313	54
312	53
311	53
310	52
309	52
306	49
307	48
311	48
314	51
315	51
320	56
322	56
323	57
323	58
329	64
330	64
336	70
336	71
337	72
339	72
340	73
340	74
341	75
342	75
343	76
343	79
344	79
345	80
346	80
348	82
348	83
350	85
350	87
351	87
351	84
348	81
348	79
347	78
345	78
344	77
344	75
340	71
339	71
338	70
338	69
333	64
332	64
331	63
330	63
329	62
328	62
326	60
326	59
325	59
324	58
324	57
323	57
322	56
320	56
317	53
317	52
316	51
315	51
311	47
306	47
307	48
306	49
304	49
302	47
300	47
298	45
297	45
296	44
295	44
290	39
289	39
288	38
288	37
285	37
284	36
276	36
274	38
273	38
271	40
269	40
268	41
266	39
263	39
262	38
260	38
259	37
257	37
256	36
244	36
243	37
242	37
241	38
240	38
239	39
236	39
235	40
234	40
233	41
232	41
231	40
229	40
228	41
225	41
222	44
221	44
220	45
219	45
216	48
215	48
213	50
212	50
211	51
210	51
209	52
208	52
207	53
206	53
205	54
204	54
203	55
202	55
198	59
197	59
196	60
196	61
193	64
191	64
191	65
188	68
187	68
186	67
186	66
188	64
189	64
189	63
188	62
189	61
190	61
188	61
185	64
185	65
183	67
183	68
185	68
186	69
185	70
185	71
183	73
183	74
181	76
181	78
178	81
177	81
176	82
175	82
174	81
176	79
174	81
173	80
173	77
174	76
174	75
171	78
171	79
168	82
168	84
167	85
167	86
165	88
165	89
164	90
164	93
163	94
163	97
162	98
162	101
161	102
161	103
160	104
160	107
159	108
159	110
158	111
157	111
159	113
158	114
158	117
157	118
156	117
155	118
155	120
154	121
152	119
152	118
153	117
153	113
152	112
151	112
150	113
149	113
148	112
142	112
141	111
140	112
138	112
137	113
136	113
135	112
134	112
134	113
133	114
129	114
128	113
129	112
130	112
129	112
127	110
127	111
126	112
123	112
122	111
113	111
113	112
112	113
90	113
89	114
86	114
85	115
84	115
83	116
80	116
78	118
73	118
74	119
73	120
69	120
68	121
67	121
66	122
65	122
62	125
61	125
60	126
59	126
59	127
55	131
53	131
53	132
51	134
50	134
47	137
47	138
44	141
44	142
43	143
42	143
42	146
39	149
39	150
38	151
38	152
37	153
37	154
36	155
36	156
35	157
35	158
34	159
33	158
33	157
33	159
34	160
33	161
33	162
32	163
31	162
31	161
31	163
32	164
32	165
31	166
30	166
30	167
31	168
31	169
30	170
29	169
29	171
28	172
28	174
27	175
27	178
26	179
26	180
25	181
25	187
24	188
24	191
23	192
23	203
22	204
22	215
23	216
23	236
26	239
26	245
27	246
27	248
28	249
28	255
30	257
30	259
31	260
31	263
32	263
34	265
34	266
35	267
35	272
36	273
36	275
38	277
38	280
40	282
40	284
41	285
41	286
45	290
45	291
47	293
47	294
48	295
48	296
49	297
49	298
51	300
51	301
53	303
53	304
55	306
55	308
56	308
57	307
58	308
58	309
62	313
62	315
63	316
64	316
65	317
65	318
66	319
67	319
69	321
69	322
70	323
71	322
72	322
76	326
76	328
77	328
79	330
81	330
85	334
86	334
87	335
87	336
88	337
89	337
90	338
92	338
93	339
95	339
98	342
99	342
100	343
102	343
104	345
106	345
104	343
103	343
102	342
100	342
99	341
98	341
96	339
94	339
92	337
89	337
84	332
84	331
83	330
82	330
78	326
77	326
76	325
76	324
77	323
78	323
79	324
82	324
83	325
83	326
89	332
90	332
92	334
93	334
94	335
95	335
96	336
97	336
98	337
99	337
100	338
101	338
103	340
105	340
106	341
107	341
108	342
110	342
112	344
115	344
116	345
117	345
118	346
121	346
122	347
124	347
125	348
126	348
127	349
130	349
131	350
134	350
135	351
147	351
148	350
161	350
162	349
164	349
165	348
169	348
170	347
173	347
174	346
176	348
175	349
179	349
180	348
181	348
182	347
184	347
186	345
187	345
190	342
191	343
191	346
189	348
187	348
186	349
184	349
184	350
183	351
179	351
179	352
182	352
183	353
182	352
183	351
184	351
185	350
188	350
189	351
191	351
190	350
190	349
192	347
192	342
195	339
196	339
197	338
197	337
198	336
199	336
200	335
199	335
198	336
197	336
195	338
194	338
193	339
191	339
190	338
195	333
196	333
198	331
199	331
200	330
201	330
212	319
213	320
213	321
211	323
211	324
210	325
211	326
213	324
213	323
214	322
216	322
217	321
218	322
218	324
217	325
216	325
216	329
215	330
214	330
213	329
215	331
215	330
216	329
217	330
218	330
219	331
219	332
220	333
221	333
222	334
222	335
223	335
224	334
225	334
228	337
228	338
229	339
230	339
231	340
234	340
235	341
237	341
238	342
238	344
237	345
237	346
236	347
235	347
234	348
234	349
235	350
231	354
230	354
229	353
227	353
227	355
232	355
232	354
234	352
235	352
235	351
238	348
239	348
240	347
240	346
242	344
245	344
246	345
246	344
247	343
248	343
249	342
252	342
253	341
255	341
256	340
258	340
259	339
261	339
262	338
263	338
265	336
268	336
270	334
272	334
272	333
274	331
276	331
277	330
277	329
279	327
279	325
280	324
279	325
279	326
278	327
277	327
274	330
273	330
270	333
268	333
267	334
265	334
264	333
264	332
266	330
267	330
268	329
270	329
271	328
272	328
272	327
273	326
274	326
275	325
275	324
276	323
276	321
277	320
277	317
278	316
278	313
279	312
279	305
280	304
280	297
279	296
279	292
278	291
278	289
279	288
280	288
281	287
285	287
286	288
287	288
286	287
286	286
278	286
277	285
275	285
274	284
274	281
273	280
273	277
274	276
274	275
276	273
277	274
277	275
276	276
276	279
277	280
280	280
282	278
284	278
285	279
286	279
287	280
291	280
292	279
296	279
297	280
300	280
301	281
302	280
303	280
304	281
305	280
309	280
310	279
311	279
313	277
317	277
319	275
321	275
322	274
323	274
324	273
325	273
326	272
327	272
328	273
331	273
332	274
330	276
329	276
328	277
327	277
326	278
319	278
318	279
319	279
320	280
319	281
317	281
316	282
316	283
315	284
310	284
309	285
305	285
304	284
303	284
302	283
297	283
296	282
291	282
290	283
287	283
285	281
285	283
286	283
287	284
292	284
293	283
295	283
296	284
300	284
301	285
302	285
303	286
306	286
307	287
306	288
310	288
311	287
312	287
313	286
315	286
315	285
316	284
317	284
317	283
318	282
320	282
321	281
328	281
329	280
330	280
331	279
332	279
333	278
334	278
336	276
337	276
339	274
342	274
344	272
345	272
347	270
348	270
349	269
351	269
353	267
354	267
357	264
358	264
360	262
360	259
365	254
364	254
361	257
360	257
358	259
358	260
356	262
355	262
354	263
354	264
353	265
352	264
352	262
351	262
351	264
348	267
346	267
345	268
343	268
343	269
342	270
340	270
339	271
337	271
335	273
334	273
333	274
332	274
330	272
330	271
331	270
333	270
335	268
336	269
338	267
339	267
341	265
342	265
343	264
345	264
345	263
347	261
348	261
349	260
352	260
353	259
355	259
355	258
356	257
357	257
358	256
358	255
360	253
361	253
362	252
363	252
364	251
365	251
366	250
366	249
367	248
368	248
368	247
369	246
371	246
371	245
372	244
372	243
373	242
374	242
375	243
375	245
374	246
374	251
373	252
373	254
374	255
374	253
375	252
375	251
376	250
376	247
375	246
376	245
376	243
377	242
377	241
378	240
379	240
380	239
379	238
379	237
380	236
381	236
382	235
382	234
383	233
383	231
384	230
384	224
383	225
383	228
380	231
380	233
379	234
378	234
378	235
377	236
377	237
376	238
376	239
375	240
374	239
374	236
376	234
376	232
377	231
377	230
379	228
379	223
380	222
380	220
379	219
379	210
378	209
378	208
379	207
379	194
380	193
380	173
379	172
379	165
378	164
378	159
377	158
377	155
376	154
376	146
375	145
375	143
374	142
374	139
373	138
373	137
372	137
371	136
371	129
370	128
370	126
369	125
369	123
368	122
367	122
366	121
366	120
365	120
364	119
364	116
363	115
363	114
361	112
361	111
360	111
359	110
359	109
357	107
357	106
356	105
356	104
355	103
355	101
354	100
354	99
353	99
351	97
351	96
350	95
350	93
349	93
348	92
348	91
347	90
347	89
344	86
344	85
340	81
340	80
339	79
339	78
334	73
334	72
333	72
330	69
330	68
329	68
328	67
328	66
327	65
326	65
322	61
321	61
320	60
320	59
319	59
314	54
313	54
312	53
311	53
310	52
309	52
306	49
307	48
311	48
314	51
315	51
320	56
322	56
323	57
323	58
329	64
330	64
336	70
336	71
337	72
339	72
340	73
340	74
341	75
342	75
343	76
343	79
344	79
345	80
346	80
348	82
348	83
350	85
350	87
351	87
351	84
348	81
348	79
347	78
345	78
344	77
344	75
340	71
339	71
338	70
338	69
333	64
332	64
331	63
330	63
329	62
328	62
326	60
326	59
325	59
324	58
324	57
323	57
322	56
320	56
317	53
317	52
316	51
315	51
311	47
306	47
307	48
306	49
304	49
302	47
300	47
298	45
297	45
296	44
295	44
290	39
289	39
288	38
288	37
285	37
284	36
276	36
274	38
273	38
271	40
269	40
268	41
266	39
263	39
262	38
260	38
259	37
257	37
256	36
244	36
243	37
242	37
241	38
240	38
239	39
236	39
235	40
234	40
233	41
232	41
231	40
229	40
228	41
225	41
222	44
221	44
220	45
219	45
216	48
215	48
213	50
212	50
211	51
210	51
209	52
208	52
207	53
206	53
205	54
204	54
203	55
202	55
198	59
197	59
196	60
196	61
193	64
191	64
191	65
188	68
187	68
186	67
186	66
188	64
189	64
189	63
188	62
189	61
190	61
188	61
185	64
185	65
183	67
183	68
185	68
186	69
185	70
185	71
183	73
183	74
181	76
181	78
178	81
177	81
176	82
175	82
174	81
176	79
174	81
173	80
173	77
174	76
174	75
171	78
171	79
168	82
168	84
167	85
167	86
165	88
165	89
164	90
164	93
163	94
163	97
162	98
162	101
161	102
161	103
160	104
160	107
159	108
159	110
158	111
157	111
159	113
158	114
158	117
157	118
156	117
155	118
155	120
154	121
152	119
152	118
153	117
153	113
152	112
151	112
150	113
149	113
148	112
142	112
141	111
140	112
138	112
137	113
136	113
135	112
134	112
134	113
133	114
129	114
128	113
129	112
130	112
129	112
127	110
127	111
126	112
123	112
122	111
113	111
113	112
112	113
90	113
89	114
86	114
85	115
84	115
83	116
80	116
78	118
73	118
74	119
73	120
69	120
68	121
67	121
66	122
65	122
62	125
61	125
60	126
59	126
59	127
55	131
53	131
53	132
51	134
50	134
47	137
47	138
44	141
44	142
43	143
42	143
42	146
39	149
39	150
38	151
38	152
37	153
37	154
36	155
36	156
35	157
35	158
34	159
33	158
33	157
33	159
34	160
33	161
33	162
32	163
31	162
31	161
31	163
32	164
32	165
31	166
30	166
30	167
31	168
31	169
30	170
29	169
29	171
28	172
28	174
27	175
27	178
26	179
26	180
25	181
25	187
24	188
24	191
23	192
23	203
22	204
22	215
23	216
23	236
26	239
26	245
27	246
27	248
28	249
28	255
30	257
30	259
31	260
31	263
32	263
34	265
34	266
35	267
35	272
36	273
36	275
38	277
38	280
40	282
40	284
41	285
41	286
45	290
45	291
47	293
47	294
48	295
48	296
49	297
49	298
51	300
51	301
53	303
53	304
55	306
55	308
56	308
57	307
58	308
58	309
62	313
62	315
63	316
64	316
65	317
65	318
66	319
67	319
69	321
69	322
70	323
71	322
72	322
76	326
76	328
77	328
79	330
81	330
85	334
86	334
87	335
87	336
88	337
89	337
90	338
92	338
93	339
95	339
98	342
99	342
100	343
102	343
104	345
106	345
104	343
103	343
102	342
100	342
99	341
98	341
96	339
94	339
92	337
89	337
84	332
84	331
83	330
82	330
78	326
77	326
76	325
76	324
77	323
78	323
79	324
82	324
83	325
83	326
89	332
90	332
92	334
93	334
94	335
95	335
96	336
97	336
98	337
99	337
100	338
101	338
103	340
105	340
106	341
107	341
108	342
110	342
112	344
115	344
116	345
117	345
118	346
121	346
122	347
124	347
125	348
126	348
127	349
130	349
131	350
134	350
135	351
147	351
148	350
161	350
162	349
164	349
165	348
169	348
170	347
173	347
174	346
176	348
175	349
179	349
180	348
181	348
182	347
184	347
186	345
187	345
190	342
191	343
191	346
189	348
187	348
186	349
184	349
184	350
183	351
179	351
179	352
182	352
183	353
182	352
183	351
184	351
185	350
188	350
189	351
191	351
190	350
190	349
192	347
192	342
195	339
196	339
197	338
197	337
198	336
199	336
200	335
199	335
198	336
197	336
195	338
194	338
193	339
191	339
190	338
195	333
196	333
198	331
199	331
200	330
201	330
212	319
213	320
213	321
211	323
211	324
210	325
211	326
213	324
213	323
214	322
216	322
217	321
218	322
218	324
217	325
216	325
216	329
215	330
214	330
213	329
215	331
215	330
216	329
217	330
218	330
219	331
219	332
220	333
221	333
222	334
222	335
223	335
224	334
225	334
228	337
228	338
229	339
230	339
231	340
234	340
235	341
237	341
238	342
238	344
237	345
237	346
236	347
235	347
234	348
234	349
235	350
231	354
230	354
229	353
227	353
227	355
232	355
232	354
234	352
235	352
235	351
238	348
239	348
240	347
240	346
242	344
245	344
246	345
246	344
247	343
248	343
249	342
252	342
253	341
255	341
256	340
258	340
259	339
261	339
262	338
263	338
265	336
268	336
270	334
272	334
272	333
274	331
276	331
277	330
277	329
279	327
279	325
280	324
279	325
279	326
278	327
277	327
274	330
273	330
270	333
268	333
267	334
265	334
264	333
264	332
266	330
267	330
268	329
270	329
271	328
272	328
272	327
273	326
274	326
275	325
275	324
276	323
276	321
277	320
277	317
278	316
278	313
279	312
279	305
280	304
280	297
279	296
279	292
278	291
278	289
279	288
280	288
281	287
285	287
286	288
287	288
286	287
286	286
278	286
277	285
275	285
274	284
274	281
273	280
273	277
274	276
274	275
276	273
277	274
277	275
276	276
276	279
277	280
280	280
282	278
284	278
285	279
286	279
287	280
291	280
292	279
296	279
297	280
300	280
301	281
302	280
303	280
304	281
305	280
309	280
310	279
311	279
313	277
317	277
319	275
321	275
322	274
323	274
324	273
325	273
326	272
327	272
328	273
331	273
332	274
330	276
329	276
328	277
327	277
326	278
319	278
318	279
319	279
320	280
319	281
317	281
316	282
316	283
315	284
310	284
309	285
305	285
304	284
303	284
302	283
297	283
296	282
291	282
290	283
287	283
285	281
285	283
286	283
287	284
292	284
293	283
295	283
296	284
300	284
301	285
302	285
303	286
306	286
307	287
306	288
310	288
311	287
312	287
313	286
315	286
315	285
316	284
317	284
317	283
318	282
320	282
321	281
328	281
329	280
330	280
331	279
332	279
333	278
334	278
336	276
337	276
339	274
342	274
344	272
345	272
347	270
348	270
349	269
351	269
353	267
354	267
357	264
358	264
360	262
360	259
365	254
364	254
361	257
360	257
358	259
358	260
356	262
355	262
354	263
354	264
353	265
352	264
352	262
351	262
351	264
348	267
346	267
345	268
343	268
343	269
342	270
340	270
339	271
337	271
335	273
334	273
333	274
332	274
330	272
330	271
331	270
333	270
335	268
336	269
338	267
339	267
341	265
342	265
343	264
345	264
345	263
347	261
348	261
349	260
352	260
353	259
355	259
355	258
356	257
357	257
358	256
358	255
360	253
361	253
362	252
363	252
364	251
365	251
366	250
366	249
367	248
368	248
368	247
369	246
371	246
371	245
372	244
372	243
373	242
374	242
375	243
375	245
374	246
374	251
373	252
373	254
374	255
374	253
375	252
375	251
376	250
376	247
375	246
376	245
376	243
377	242
377	241
378	240
379	240
380	239
379	238
379	237
380	236
381	236
382	235
382	234
383	233
383	231
384	230
384	224
383	225
383	228
380	231
380	233
379	234
378	234
378	235
377	236
377	237
376	238
376	239
375	240
374	239
374	236
376	234
376	232
377	231
377	230
379	228
379	223
380	222
380	220
379	219
379	210
378	209
378	208
379	207
379	194
380	193
380	173
379	172
379	165
378	164
378	159
377	158
377	155
376	154
376	146
375	145
375	143
374	142
374	139
373	138
373	137
372	137
371	136
371	129
370	128
370	126
369	125
369	123
368	122
367	122
366	121
366	120
365	120
364	119
364	116
363	115
363	114
361	112
361	111
360	111
359	110
359	109
357	107
357	106
356	105
356	104
355	103
355	101
354	100
354	99
353	99
351	97
351	96
350	95
350	93
349	93
348	92
348	91
347	90
347	89
344	86
344	85
340	81
340	80
339	79
339	78
334	73
334	72
333	72
330	69
330	68
329	68
328	67
328	66
327	65
326	65
322	61
321	61
320	60
320	59
319	59
314	54
313	54
312	53
311	53
310	52
309	52
306	49
307	48
311	48
314	51
315	51
320	56
322	56
323	57
323	58
329	64
330	64
336	70
336	71
337	72
339	72
340	73
340	74
341	75
342	75
343	76
343	79
344	79
345	80
346	80
348	82
348	83
350	85
350	87
351	87
351	84
348	81
348	79
347	78
345	78
344	77
344	75
340	71
339	71
338	70
338	69
333	64
332	64
331	63
330	63
329	62
328	62
326	60
326	59
325	59
324	58
324	57
323	57
322	56
320	56
317	53
317	52
316	51
315	51
311	47
306	47
307	48
306	49
304	49
302	47
300	47
298	45
297	45
296	44
295	44
290	39
289	39
288	38
288	37
285	37
284	36
276	36
274	38
273	38
271	40
269	40
268	41
266	39
263	39
262	38
260	38
259	37
257	37
256	36
