279	37
281	39
281	40
280	41
278	41
277	42
273	42
271	40
271	41
270	42
269	41
269	40
267	40
266	39
261	39
260	38
255	38
254	39
251	39
250	40
249	40
248	39
247	39
246	40
245	40
245	41
244	42
239	42
238	43
236	43
235	44
234	44
233	45
232	45
229	48
228	48
225	51
224	51
223	52
221	52
218	55
217	55
216	56
215	56
214	57
212	57
207	62
207	63
206	64
205	64
204	65
203	65
203	66
200	69
199	69
199	70
198	71
197	71
193	75
192	75
191	76
191	77
190	78
190	79
184	85
184	86
181	89
180	88
180	86
183	83
183	82
185	80
186	80
186	79
188	77
188	76
190	74
189	73
187	75
187	76
186	77
186	78
184	80
183	80
182	81
182	82
180	84
180	85
176	89
176	92
175	93
175	96
174	97
174	99
173	100
173	107
172	108
171	108
171	109
170	110
170	111
169	112
169	128
168	129
167	128
167	118
167	120
166	121
166	125
164	127
163	126
163	123
164	122
164	121
163	121
163	123
161	125
159	123
153	123
151	121
150	121
148	119
145	119
144	118
140	118
139	117
139	116
132	116
131	115
128	115
127	114
125	114
124	113
107	113
105	115
99	115
98	114
88	114
87	115
83	115
82	116
81	116
80	117
79	117
77	119
76	119
75	120
74	120
73	121
71	121
70	122
69	122
67	124
66	124
65	125
65	126
64	127
62	127
61	128
60	128
60	129
56	133
55	133
55	134
48	141
48	142
47	143
47	145
46	146
45	146
45	147
43	149
43	150
41	152
41	154
42	155
40	157
40	158
39	159
39	160
38	161
38	162
36	164
36	165
35	166
35	167
34	168
33	167
32	168
32	170
31	171
31	177
30	178
30	180
29	181
29	183
28	184
28	186
27	187
27	190
26	191
26	193
25	194
25	200
24	201
24	205
23	206
23	215
24	216
24	223
25	224
25	229
26	230
26	232
27	233
27	240
28	241
28	249
29	250
29	252
30	253
30	264
29	265
28	264
28	262
27	261
27	259
26	258
26	256
25	255
25	254
24	253
24	251
23	250
23	248
22	247
22	246
22	249
23	250
23	253
24	254
24	255
25	256
25	257
26	258
26	260
27	261
27	265
28	266
28	267
29	268
29	270
30	271
30	272
31	273
31	274
32	275
32	276
33	277
33	279
35	281
35	282
36	283
36	285
37	286
37	287
40	290
40	291
42	293
42	294
46	298
46	299
47	300
47	301
48	302
48	303
50	305
50	306
53	309
53	310
58	315
58	316
62	320
63	320
67	324
67	325
68	325
73	330
74	330
76	332
77	332
78	333
79	333
78	332
79	331
80	331
80	328
79	327
79	331
78	332
77	332
75	330
75	329
73	329
66	322
66	321
67	320
68	321
69	321
71	323
71	324
72	325
72	323
68	319
68	318
69	317
70	317
71	318
71	319
72	319
73	320
76	320
77	321
79	321
80	322
81	322
83	324
84	324
86	326
87	326
88	327
88	328
92	328
93	329
93	330
92	331
91	330
89	330
91	330
93	332
94	332
96	334
95	335
96	334
98	334
99	335
100	335
101	336
102	336
105	339
105	341
104	342
101	342
100	341
99	341
98	340
97	340
96	339
97	340
97	341
98	341
99	342
100	342
101	343
104	343
106	345
107	345
108	346
109	346
111	348
113	348
114	349
118	349
119	350
122	350
123	351
126	351
127	352
128	352
129	353
133	353
134	354
137	354
138	355
140	355
141	356
148	356
149	357
149	358
150	359
150	360
153	360
154	361
162	361
163	362
165	362
164	362
163	361
163	360
154	360
153	359
151	359
150	358
150	357
148	355
148	353
146	353
145	352
143	352
142	351
139	351
138	350
139	349
149	349
150	348
158	348
159	347
163	347
164	346
166	346
168	344
169	344
171	342
175	342
176	343
176	345
175	346
175	347
174	348
170	348
170	349
175	349
177	347
177	343
178	342
184	342
185	341
186	341
187	340
188	340
189	339
190	339
191	338
192	338
195	335
196	335
199	332
200	332
201	331
202	331
204	329
205	329
208	326
209	326
209	325
213	321
213	320
214	319
215	319
215	318
216	317
217	318
217	321
218	322
218	324
219	325
219	328
221	330
221	331
222	331
223	332
223	333
225	335
225	336
226	337
226	338
227	338
228	339
229	339
231	341
231	342
233	342
234	343
235	342
236	343
245	343
246	344
248	344
249	343
251	343
252	342
255	342
256	341
260	341
261	340
264	340
265	339
266	339
267	338
270	338
274	334
275	334
279	330
279	329
280	328
280	316
279	315
279	308
280	307
280	303
279	302
279	300
278	299
278	298
277	297
277	295
276	294
276	293
274	291
274	289
272	287
273	286
276	286
276	285
277	284
279	284
280	285
282	285
283	286
286	286
287	285
288	286
290	286
292	284
284	284
283	283
282	283
281	282
282	281
286	281
287	282
303	282
304	281
307	281
309	283
310	283
311	282
316	282
317	281
318	281
319	282
319	285
318	286
313	286
312	287
311	287
309	285
306	285
305	284
303	284
300	287
292	287
295	287
296	288
298	288
299	287
302	287
303	286
305	288
306	288
308	290
311	290
310	290
309	289
310	288
315	288
316	287
318	287
319	288
320	287
321	287
323	285
323	284
325	282
329	282
330	281
334	281
335	280
336	280
337	279
338	279
339	278
340	278
341	277
342	277
344	275
345	275
348	272
350	272
353	269
358	269
359	268
359	267
360	266
360	265
362	263
362	262
364	260
363	260
362	261
361	261
360	262
359	262
358	261
360	259
361	259
361	258
363	256
363	255
366	252
367	252
372	247
373	248
373	249
371	251
371	252
368	255
368	256
370	254
373	254
374	253
374	252
375	251
375	250
377	248
378	248
379	247
380	247
381	246
381	244
383	242
383	241
384	240
383	239
383	238
384	237
386	237
386	236
387	235
387	232
388	231
387	230
388	229
388	228
387	228
387	229
386	230
386	232
385	233
385	235
384	236
382	236
381	235
381	228
382	227
382	223
381	222
381	218
380	217
380	216
381	215
381	213
383	211
383	210
384	209
384	203
383	202
383	185
384	184
384	177
383	176
383	167
382	166
382	165
381	164
381	162
380	161
380	155
379	154
379	150
378	149
378	147
377	146
377	143
376	142
376	140
375	139
375	137
373	135
373	132
372	131
372	130
371	129
371	128
370	127
370	123
368	121
368	119
366	117
366	116
365	115
365	114
362	111
362	110
360	108
360	106
359	105
359	104
358	104
357	103
357	102
355	100
355	99
354	98
354	97
352	95
352	94
351	93
351	92
350	91
350	90
346	86
346	85
334	73
334	72
333	72
330	69
330	68
326	64
327	63
328	63
329	64
330	64
334	68
335	68
337	70
337	71
338	72
339	72
340	73
340	74
341	75
342	75
344	77
343	78
344	79
346	79
351	84
351	85
352	86
352	87
355	90
355	91
356	90
355	89
355	88
354	88
353	87
353	85
351	83
351	82
350	81
350	80
348	78
346	78
345	77
345	76
343	74
343	73
342	72
341	72
340	71
338	71
337	70
338	69
339	69
338	68
337	68
336	67
335	67
334	66
334	64
333	63
332	63
331	62
329	62
328	61
328	59
327	58
326	58
325	57
325	56
324	55
323	55
322	54
321	54
320	53
319	53
318	52
317	52
316	51
316	50
315	50
313	48
312	48
311	47
310	47
309	48
307	48
310	48
312	50
313	50
315	52
316	52
317	53
319	53
320	54
320	55
319	56
322	56
323	57
323	58
324	59
324	60
327	63
326	64
325	64
324	63
323	63
318	58
317	58
313	54
312	54
310	52
309	52
307	50
305	50
304	49
303	49
299	45
299	44
298	44
297	43
296	43
295	42
294	42
293	41
292	41
290	39
287	39
286	38
280	38
279	37
281	39
281	40
280	41
278	41
277	42
273	42
271	40
271	41
270	42
269	41
269	40
267	40
266	39
261	39
260	38
255	38
254	39
251	39
250	40
249	40
248	39
247	39
246	40
245	40
245	41
244	42
239	42
238	43
236	43
235	44
234	44
233	45
232	45
229	48
228	48
225	51
224	51
223	52
221	52
218	55
217	55
216	56
215	56
214	57
212	57
207	62
207	63
206	64
205	64
204	65
203	65
203	66
200	69
199	69
199	70
198	71
197	71
193	75
192	75
191	76
191	77
190	78
190	79
184	85
184	86
181	89
180	88
180	86
183	83
183	82
185	80
186	80
186	79
188	77
188	76
190	74
189	73
187	75
187	76
186	77
186	78
184	80
183	80
182	81
182	82
180	84
180	85
176	89
176	92
175	93
175	96
174	97
174	99
173	100
173	107
172	108
171	108
171	109
170	110
170	111
169	112
169	128
168	129
167	128
167	118
167	120
166	121
166	125
164	127
163	126
163	123
164	122
164	121
163	121
163	123
161	125
159	123
153	123
151	121
150	121
148	119
145	119
144	118
140	118
139	117
139	116
132	116
131	115
128	115
127	114
125	114
124	113
107	113
105	115
99	115
98	114
88	114
87	115
83	115
82	116
81	116
80	117
79	117
77	119
76	119
75	120
74	120
73	121
71	121
70	122
69	122
67	124
66	124
65	125
65	126
64	127
62	127
61	128
60	128
60	129
56	133
55	133
55	134
48	141
48	142
47	143
47	145
46	146
45	146
45	147
43	149
43	150
41	152
41	154
42	155
40	157
40	158
39	159
39	160
38	161
38	162
36	164
36	165
35	166
35	167
34	168
33	167
32	168
32	170
31	171
31	177
30	178
30	180
29	181
29	183
28	184
28	186
27	187
27	190
26	191
26	193
25	194
25	200
24	201
24	205
23	206
23	215
24	216
24	223
25	224
25	229
26	230
26	232
27	233
27	240
28	241
28	249
29	250
29	252
30	253
30	264
29	265
28	264
28	262
27	261
27	259
26	258
26	256
25	255
25	254
24	253
24	251
23	250
23	248
22	247
22	246
22	249
23	250
23	253
24	254
24	255
25	256
25	257
26	258
26	260
27	261
27	265
28	266
28	267
29	268
29	270
30	271
30	272
31	273
31	274
32	275
32	276
33	277
33	279
35	281
35	282
36	283
36	285
37	286
37	287
40	290
40	291
42	293
42	294
46	298
46	299
47	300
47	301
48	302
48	303
50	305
50	306
53	309
53	310
58	315
58	316
62	320
63	320
67	324
67	325
68	325
73	330
74	330
76	332
77	332
78	333
79	333
78	332
79	331
80	331
80	328
79	327
79	331
78	332
77	332
75	330
75	329
73	329
66	322
66	321
67	320
68	321
69	321
71	323
71	324
72	325
72	323
68	319
68	318
69	317
70	317
71	318
71	319
72	319
73	320
76	320
77	321
79	321
80	322
81	322
83	324
84	324
86	326
87	326
88	327
88	328
92	328
93	329
93	330
92	331
91	330
89	330
91	330
93	332
94	332
96	334
95	335
96	334
98	334
99	335
100	335
101	336
102	336
105	339
105	341
104	342
101	342
100	341
99	341
98	340
97	340
96	339
97	340
97	341
98	341
99	342
100	342
101	343
104	343
106	345
107	345
108	346
109	346
111	348
113	348
114	349
118	349
119	350
122	350
123	351
126	351
127	352
128	352
129	353
133	353
134	354
137	354
138	355
140	355
141	356
148	356
149	357
149	358
150	359
150	360
153	360
154	361
162	361
163	362
165	362
164	362
163	361
163	360
154	360
153	359
151	359
150	358
150	357
148	355
148	353
146	353
145	352
143	352
142	351
139	351
138	350
139	349
149	349
150	348
158	348
159	347
163	347
164	346
166	346
168	344
169	344
171	342
175	342
176	343
176	345
175	346
175	347
174	348
170	348
170	349
175	349
177	347
177	343
178	342
184	342
185	341
186	341
187	340
188	340
189	339
190	339
191	338
192	338
195	335
196	335
199	332
200	332
201	331
202	331
204	329
205	329
208	326
209	326
209	325
213	321
213	320
214	319
215	319
215	318
216	317
217	318
217	321
218	322
218	324
219	325
219	328
221	330
221	331
222	331
223	332
223	333
225	335
225	336
226	337
226	338
227	338
228	339
229	339
231	341
231	342
233	342
234	343
235	342
236	343
245	343
246	344
248	344
249	343
251	343
252	342
255	342
256	341
260	341
261	340
264	340
265	339
266	339
267	338
270	338
274	334
275	334
279	330
279	329
280	328
280	316
279	315
279	308
280	307
280	303
279	302
279	300
278	299
278	298
277	297
277	295
276	294
276	293
274	291
274	289
272	287
273	286
276	286
276	285
277	284
279	284
280	285
282	285
283	286
286	286
287	285
288	286
290	286
292	284
284	284
283	283
282	283
281	282
282	281
286	281
287	282
303	282
304	281
307	281
309	283
310	283
311	282
316	282
317	281
318	281
319	282
319	285
318	286
313	286
312	287
311	287
309	285
306	285
305	284
303	284
300	287
292	287
295	287
296	288
298	288
299	287
302	287
303	286
305	288
306	288
308	290
311	290
310	290
309	289
310	288
315	288
316	287
318	287
319	288
320	287
321	287
323	285
323	284
325	282
329	282
330	281
334	281
335	280
336	280
337	279
338	279
339	278
340	278
341	277
342	277
344	275
345	275
348	272
350	272
353	269
358	269
359	268
359	267
360	266
360	265
362	263
362	262
364	260
363	260
362	261
361	261
360	262
359	262
358	261
360	259
361	259
361	258
363	256
363	255
366	252
367	252
372	247
373	248
373	249
371	251
371	252
368	255
368	256
370	254
373	254
374	253
374	252
375	251
375	250
377	248
378	248
379	247
380	247
381	246
381	244
383	242
383	241
384	240
383	239
383	238
384	237
386	237
386	236
387	235
387	232
388	231
387	230
388	229
388	228
387	228
387	229
386	230
386	232
385	233
385	235
384	236
382	236
381	235
381	228
382	227
382	223
381	222
381	218
380	217
380	216
381	215
381	213
383	211
383	210
384	209
384	203
383	202
383	185
384	184
384	177
383	176
383	167
382	166
382	165
381	164
381	162
380	161
380	155
379	154
379	150
378	149
378	147
377	146
377	143
376	142
376	140
375	139
375	137
373	135
373	132
372	131
372	130
371	129
371	128
370	127
370	123
368	121
368	119
366	117
366	116
365	115
365	114
362	111
362	110
360	108
360	106
359	105
359	104
358	104
357	103
357	102
355	100
355	99
354	98
354	97
352	95
352	94
351	93
351	92
350	91
350	90
346	86
346	85
334	73
334	72
333	72
330	69
330	68
326	64
327	63
328	63
329	64
330	64
334	68
335	68
337	70
337	71
338	72
339	72
340	73
340	74
341	75
342	75
344	77
343	78
344	79
346	79
351	84
351	85
352	86
352	87
355	90
355	91
356	90
355	89
355	88
354	88
353	87
353	85
351	83
351	82
350	81
350	80
348	78
346	78
345	77
345	76
343	74
343	73
342	72
341	72
340	71
338	71
337	70
338	69
339	69
338	68
337	68
336	67
335	67
334	66
334	64
333	63
332	63
331	62
329	62
328	61
328	59
327	58
326	58
325	57
325	56
324	55
323	55
322	54
321	54
320	53
319	53
318	52
317	52
316	51
316	50
315	50
313	48
312	48
311	47
310	47
309	48
307	48
310	48
312	50
313	50
315	52
316	52
317	53
319	53
320	54
320	55
319	56
322	56
323	57
323	58
324	59
324	60
327	63
326	64
325	64
324	63
323	63
318	58
317	58
313	54
312	54
310	52
309	52
307	50
305	50
304	49
303	49
299	45
299	44
298	44
297	43
296	43
295	42
294	42
293	41
292	41
290	39
287	39
286	38
280	38
279	37
281	39
281	40
280	41
278	41
277	42
273	42
271	40
271	41
270	42
269	41
269	40
267	40
266	39
261	39
260	38
255	38
254	39
251	39
250	40
249	40
248	39
247	39
246	40
245	40
245	41
244	42
239	42
238	43
236	43
235	44
234	44
233	45
232	45
229	48
228	48
225	51
224	51
223	52
221	52
218	55
217	55
216	56
215	56
214	57
212	57
207	62
207	63
206	64
205	64
204	65
203	65
203	66
200	69
199	69
199	70
198	71
197	71
193	75
192	75
191	76
191	77
190	78
190	79
184	85
184	86
181	89
180	88
180	86
183	83
183	82
185	80
186	80
186	79
188	77
188	76
190	74
189	73
187	75
187	76
186	77
186	78
184	80
183	80
182	81
182	82
180	84
180	85
176	89
176	92
175	93
175	96
174	97
174	99
173	100
173	107
172	108
171	108
171	109
170	110
170	111
169	112
169	128
168	129
167	128
167	118
167	120
166	121
166	125
164	127
163	126
163	123
164	122
164	121
163	121
163	123
161	125
159	123
153	123
151	121
150	121
148	119
145	119
144	118
140	118
139	117
139	116
132	116
131	115
128	115
127	114
125	114
124	113
107	113
105	115
99	115
98	114
88	114
87	115
83	115
82	116
81	116
80	117
79	117
77	119
76	119
75	120
74	120
73	121
71	121
70	122
69	122
67	124
66	124
65	125
65	126
64	127
62	127
61	128
60	128
60	129
56	133
55	133
55	134
48	141
48	142
47	143
47	145
46	146
45	146
45	147
43	149
43	150
41	152
41	154
42	155
40	157
40	158
39	159
39	160
38	161
38	162
36	164
36	165
35	166
35	167
34	168
33	167
32	168
32	170
31	171
31	177
30	178
30	180
29	181
29	183
28	184
28	186
27	187
27	190
26	191
26	193
25	194
25	200
24	201
24	205
23	206
23	215
24	216
24	223
25	224
25	229
26	230
26	232
27	233
27	240
28	241
28	249
29	250
29	252
30	253
30	264
29	265
28	264
28	262
27	261
27	259
26	258
26	256
25	255
25	254
24	253
24	251
23	250
23	248
22	247
22	246
22	249
23	250
23	253
24	254
24	255
25	256
25	257
26	258
26	260
27	261
27	265
28	266
28	267
29	268
29	270
30	271
30	272
31	273
31	274
32	275
32	276
33	277
33	279
35	281
35	282
36	283
36	285
37	286
37	287
40	290
40	291
42	293
42	294
46	298
46	299
47	300
47	301
48	302
48	303
50	305
50	306
53	309
53	310
58	315
58	316
62	320
63	320
67	324
67	325
68	325
73	330
74	330
76	332
77	332
78	333
79	333
78	332
79	331
80	331
80	328
79	327
79	331
78	332
77	332
75	330
75	329
73	329
66	322
66	321
67	320
68	321
69	321
71	323
71	324
72	325
72	323
68	319
68	318
69	317
70	317
71	318
71	319
72	319
73	320
76	320
77	321
79	321
80	322
81	322
83	324
84	324
86	326
87	326
88	327
88	328
92	328
93	329
93	330
92	331
91	330
89	330
91	330
93	332
94	332
96	334
95	335
96	334
98	334
99	335
100	335
101	336
102	336
105	339
105	341
104	342
101	342
100	341
99	341
98	340
97	340
96	339
97	340
97	341
98	341
99	342
100	342
101	343
104	343
106	345
107	345
108	346
109	346
111	348
113	348
114	349
118	349
119	350
122	350
123	351
126	351
127	352
128	352
129	353
133	353
134	354
137	354
138	355
140	355
141	356
148	356
149	357
149	358
150	359
150	360
153	360
154	361
162	361
163	362
165	362
164	362
163	361
163	360
154	360
153	359
151	359
150	358
150	357
148	355
148	353
146	353
145	352
143	352
142	351
139	351
138	350
139	349
149	349
150	348
158	348
159	347
163	347
164	346
166	346
168	344
169	344
171	342
175	342
176	343
176	345
175	346
175	347
174	348
170	348
170	349
175	349
177	347
177	343
178	342
184	342
185	341
186	341
187	340
188	340
189	339
190	339
191	338
192	338
195	335
196	335
199	332
200	332
201	331
202	331
204	329
205	329
208	326
209	326
209	325
213	321
213	320
214	319
215	319
215	318
216	317
217	318
217	321
218	322
218	324
219	325
219	328
221	330
221	331
222	331
223	332
223	333
225	335
225	336
226	337
226	338
227	338
228	339
229	339
231	341
231	342
233	342
234	343
235	342
236	343
245	343
246	344
248	344
249	343
251	343
252	342
255	342
256	341
260	341
261	340
264	340
265	339
266	339
267	338
270	338
274	334
275	334
279	330
279	329
280	328
280	316
279	315
279	308
280	307
280	303
279	302
279	300
278	299
278	298
277	297
277	295
276	294
276	293
274	291
274	289
272	287
273	286
276	286
276	285
277	284
279	284
280	285
282	285
283	286
286	286
287	285
288	286
290	286
292	284
284	284
283	283
282	283
281	282
282	281
286	281
287	282
303	282
304	281
307	281
309	283
310	283
311	282
316	282
317	281
318	281
319	282
319	285
318	286
313	286
312	287
311	287
309	285
306	285
305	284
303	284
300	287
292	287
295	287
296	288
298	288
299	287
302	287
303	286
305	288
306	288
308	290
311	290
310	290
309	289
310	288
315	288
316	287
318	287
319	288
320	287
321	287
323	285
323	284
325	282
329	282
330	281
334	281
335	280
336	280
337	279
338	279
339	278
340	278
341	277
342	277
344	275
345	275
348	272
350	272
353	269
358	269
359	268
359	267
360	266
360	265
362	263
362	262
364	260
363	260
362	261
361	261
360	262
359	262
358	261
360	259
361	259
361	258
363	256
363	255
366	252
367	252
372	247
373	248
373	249
371	251
371	252
368	255
368	256
370	254
373	254
374	253
374	252
375	251
375	250
377	248
378	248
379	247
380	247
381	246
381	244
383	242
383	241
384	240
383	239
383	238
384	237
386	237
386	236
387	235
387	232
388	231
387	230
388	229
388	228
387	228
387	229
386	230
386	232
385	233
385	235
384	236
382	236
381	235
381	228
382	227
382	223
381	222
381	218
380	217
380	216
381	215
381	213
383	211
383	210
384	209
384	203
383	202
383	185
384	184
384	177
383	176
383	167
382	166
382	165
381	164
381	162
380	161
380	155
379	154
379	150
378	149
378	147
377	146
377	143
376	142
376	140
375	139
375	137
373	135
373	132
372	131
372	130
371	129
371	128
370	127
370	123
368	121
368	119
366	117
366	116
365	115
365	114
362	111
362	110
360	108
360	106
359	105
359	104
358	104
357	103
357	102
355	100
355	99
354	98
354	97
352	95
352	94
351	93
351	92
350	91
350	90
346	86
346	85
334	73
334	72
333	72
330	69
330	68
326	64
327	63
328	63
329	64
330	64
334	68
335	68
337	70
337	71
338	72
339	72
340	73
340	74
341	75
342	75
344	77
343	78
344	79
346	79
351	84
351	85
352	86
352	87
355	90
355	91
356	90
355	89
355	88
354	88
353	87
353	85
351	83
351	82
350	81
350	80
348	78
346	78
345	77
345	76
343	74
343	73
342	72
341	72
340	71
338	71
337	70
338	69
339	69
338	68
337	68
336	67
335	67
334	66
334	64
333	63
332	63
331	62
329	62
328	61
328	59
327	58
326	58
325	57
325	56
324	55
323	55
322	54
321	54
320	53
319	53
318	52
317	52
316	51
316	50
315	50
313	48
312	48
311	47
310	47
309	48
307	48
310	48
312	50
313	50
315	52
316	52
317	53
319	53
320	54
320	55
319	56
322	56
323	57
323	58
324	59
324	60
327	63
326	64
325	64
324	63
323	63
318	58
317	58
313	54
312	54
310	52
309	52
307	50
305	50
304	49
303	49
299	45
299	44
298	44
297	43
296	43
295	42
294	42
293	41
292	41
290	39
287	39
286	38
280	38
279	37
281	39
281	40
280	41
278	41
277	42
273	42
271	40
271	41
270	42
269	41
269	40
267	40
266	39
261	39
260	38
255	38
254	39
251	39
250	40
249	40
248	39
247	39
246	40
245	40
245	41
244	42
239	42
238	43
236	43
235	44
234	44
233	45
232	45
229	48
228	48
225	51
224	51
223	52
221	52
218	55
217	55
216	56
215	56
214	57
212	57
207	62
207	63
206	64
205	64
204	65
203	65
203	66
200	69
199	69
199	70
198	71
197	71
193	75
192	75
191	76
191	77
190	78
190	79
184	85
184	86
181	89
180	88
180	86
183	83
183	82
185	80
186	80
186	79
188	77
188	76
190	74
189	73
187	75
187	76
186	77
186	78
184	80
183	80
182	81
182	82
180	84
180	85
176	89
176	92
175	93
175	96
174	97
174	99
173	100
173	107
172	108
171	108
171	109
170	110
170	111
169	112
169	128
168	129
167	128
167	118
167	120
166	121
166	125
164	127
163	126
163	123
164	122
164	121
163	121
163	123
161	125
159	123
153	123
151	121
150	121
148	119
145	119
144	118
140	118
139	117
139	116
132	116
131	115
128	115
127	114
125	114
124	113
107	113
105	115
99	115
98	114
88	114
87	115
83	115
82	116
81	116
80	117
79	117
77	119
76	119
75	120
74	120
73	121
71	121
70	122
69	122
67	124
66	124
65	125
65	126
64	127
62	127
61	128
60	128
60	129
56	133
55	133
55	134
48	141
48	142
47	143
47	145
46	146
45	146
45	147
43	149
43	150
41	152
41	154
42	155
40	157
40	158
39	159
39	160
38	161
38	162
36	164
36	165
35	166
35	167
34	168
33	167
32	168
32	170
31	171
31	177
30	178
30	180
29	181
29	183
28	184
28	186
27	187
27	190
26	191
26	193
25	194
25	200
24	201
24	205
23	206
23	215
24	216
24	223
25	224
25	229
26	230
26	232
27	233
27	240
28	241
28	249
29	250
29	252
30	253
30	264
29	265
28	264
28	262
27	261
27	259
26	258
26	256
25	255
25	254
24	253
24	251
23	250
23	248
22	247
22	246
22	249
23	250
23	253
24	254
24	255
25	256
25	257
26	258
26	260
27	261
27	265
28	266
28	267
29	268
29	270
30	271
30	272
31	273
31	274
32	275
32	276
33	277
33	279
35	281
35	282
36	283
36	285
37	286
37	287
40	290
40	291
42	293
42	294
46	298
46	299
47	300
47	301
48	302
48	303
50	305
50	306
53	309
53	310
58	315
58	316
62	320
63	320
67	324
67	325
68	325
73	330
74	330
76	332
77	332
78	333
79	333
78	332
79	331
80	331
80	328
79	327
79	331
78	332
77	332
75	330
75	329
73	329
66	322
66	321
67	320
68	321
69	321
71	323
71	324
72	325
72	323
68	319
68	318
69	317
70	317
71	318
71	319
72	319
73	320
76	320
77	321
79	321
80	322
81	322
83	324
84	324
86	326
87	326
88	327
88	328
92	328
93	329
93	330
92	331
91	330
89	330
91	330
93	332
94	332
96	334
95	335
96	334
98	334
99	335
100	335
101	336
102	336
105	339
105	341
104	342
101	342
100	341
99	341
98	340
97	340
96	339
97	340
97	341
98	341
99	342
100	342
101	343
104	343
106	345
107	345
108	346
109	346
111	348
113	348
114	349
118	349
119	350
122	350
123	351
126	351
127	352
128	352
129	353
133	353
134	354
137	354
138	355
140	355
141	356
148	356
149	357
149	358
150	359
150	360
153	360
154	361
162	361
163	362
165	362
164	362
163	361
163	360
154	360
153	359
151	359
150	358
150	357
148	355
148	353
146	353
145	352
143	352
142	351
139	351
138	350
139	349
149	349
150	348
158	348
159	347
163	347
164	346
166	346
168	344
169	344
171	342
175	342
176	343
176	345
175	346
175	347
174	348
170	348
170	349
175	349
177	347
177	343
178	342
184	342
185	341
186	341
187	340
188	340
189	339
190	339
191	338
192	338
195	335
196	335
199	332
200	332
201	331
202	331
204	329
205	329
208	326
209	326
209	325
213	321
213	320
214	319
215	319
215	318
216	317
217	318
217	321
218	322
218	324
219	325
219	328
221	330
221	331
222	331
223	332
223	333
225	335
225	336
226	337
226	338
227	338
228	339
229	339
231	341
231	342
233	342
234	343
235	342
236	343
245	343
246	344
248	344
249	343
251	343
252	342
255	342
256	341
260	341
261	340
264	340
265	339
266	339
267	338
270	338
274	334
275	334
279	330
279	329
280	328
280	316
279	315
279	308
280	307
280	303
279	302
279	300
278	299
278	298
277	297
277	295
276	294
276	293
274	291
274	289
272	287
273	286
276	286
276	285
277	284
279	284
280	285
282	285
283	286
286	286
287	285
288	286
290	286
292	284
284	284
283	283
282	283
281	282
282	281
286	281
287	282
303	282
304	281
307	281
309	283
310	283
311	282
316	282
317	281
318	281
319	282
319	285
318	286
313	286
312	287
311	287
309	285
306	285
305	284
303	284
300	287
292	287
295	287
296	288
298	288
299	287
302	287
303	286
305	288
306	288
308	290
311	290
310	290
309	289
310	288
315	288
316	287
318	287
319	288
320	287
321	287
323	285
323	284
325	282
329	282
330	281
334	281
335	280
336	280
337	279
338	279
339	278
340	278
341	277
342	277
344	275
345	275
348	272
350	272
353	269
358	269
359	268
359	267
360	266
360	265
362	263
362	262
364	260
363	260
362	261
361	261
360	262
359	262
358	261
360	259
361	259
361	258
363	256
363	255
366	252
367	252
372	247
373	248
373	249
371	251
371	252
368	255
368	256
370	254
373	254
374	253
374	252
375	251
375	250
377	248
378	248
379	247
380	247
381	246
381	244
383	242
383	241
384	240
383	239
383	238
384	237
386	237
386	236
387	235
387	232
388	231
387	230
388	229
388	228
387	228
387	229
386	230
386	232
385	233
385	235
384	236
382	236
381	235
381	228
382	227
382	223
381	222
381	218
380	217
380	216
381	215
381	213
383	211
383	210
384	209
384	203
383	202
383	185
384	184
384	177
383	176
383	167
382	166
382	165
381	164
381	162
380	161
380	155
379	154
379	150
378	149
378	147
377	146
377	143
376	142
376	140
375	139
375	137
373	135
373	132
372	131
372	130
371	129
371	128
370	127
370	123
368	121
368	119
366	117
366	116
365	115
365	114
362	111
362	110
360	108
360	106
359	105
359	104
358	104
357	103
357	102
355	100
355	99
354	98
354	97
352	95
352	94
351	93
351	92
350	91
350	90
346	86
346	85
334	73
334	72
333	72
330	69
330	68
326	64
327	63
328	63
329	64
330	64
334	68
335	68
337	70
337	71
338	72
339	72
340	73
340	74
341	75
342	75
344	77
343	78
344	79
346	79
351	84
351	85
352	86
352	87
355	90
355	91
356	90
355	89
355	88
354	88
353	87
353	85
351	83
351	82
350	81
350	80
348	78
346	78
345	77
345	76
343	74
343	73
342	72
341	72
340	71
338	71
337	70
338	69
339	69
338	68
337	68
336	67
335	67
334	66
334	64
333	63
332	63
331	62
329	62
328	61
328	59
327	58
326	58
325	57
325	56
324	55
323	55
322	54
321	54
320	53
319	53
318	52
317	52
316	51
316	50
315	50
313	48
312	48
311	47
310	47
309	48
307	48
310	48
312	50
313	50
315	52
316	52
317	53
319	53
320	54
320	55
319	56
322	56
323	57
323	58
324	59
324	60
327	63
326	64
325	64
324	63
323	63
318	58
317	58
313	54
312	54
310	52
309	52
307	50
305	50
304	49
303	49
299	45
299	44
298	44
297	43
296	43
295	42
294	42
293	41
292	41
290	39
287	39
286	38
280	38
