249	51
252	51
253	52
252	53
250	53
249	54
248	54
245	57
242	57
241	58
240	58
239	57
234	57
233	58
232	58
231	59
232	60
230	62
228	62
226	64
224	64
223	65
222	65
221	66
220	66
217	69
216	69
213	72
212	72
212	73
211	74
210	74
208	76
207	76
206	75
205	75
203	77
203	78
202	79
203	79
204	80
204	81
202	83
202	84
200	86
200	87
199	88
199	89
196	92
196	94
195	95
193	95
192	96
192	101
191	102
191	103
190	104
189	104
188	103
189	102
189	100
188	101
188	102
187	103
186	103
185	104
184	104
184	105
183	106
183	107
182	108
182	111
182	110
183	109
183	108
184	107
184	106
185	105
187	105
188	106
188	107
187	108
186	108
186	111
184	113
184	115
182	117
182	120
180	122
180	124
179	125
178	125
178	128
177	129
177	130
176	131
176	133
175	134
175	137
174	138
173	137
172	138
171	138
170	137
169	137
167	135
166	136
165	135
163	135
162	134
159	134
158	133
157	133
156	132
155	132
154	131
153	131
152	130
151	130
150	129
149	129
148	128
146	128
145	127
142	127
141	126
139	126
137	124
133	124
132	123
126	123
125	122
123	122
122	123
115	123
114	122
92	122
91	123
89	121
85	125
81	125
79	127
77	127
76	128
75	128
74	129
73	129
69	133
68	133
67	134
66	134
66	135
64	137
63	136
62	136
62	137
61	138
60	138
59	139
59	140
58	141
57	141
54	144
52	144
52	145
47	150
47	151
46	152
46	153
45	154
44	154
41	157
40	157
40	158
39	159
38	159
37	160
37	161
36	162
35	162
35	163
32	166
32	184
30	186
30	187
29	188
30	189
30	193
29	194
29	197
28	198
28	201
27	202
27	210
26	211
26	213
24	215
24	238
25	239
25	242
24	243
24	245
25	246
25	248
26	249
25	250
25	251
27	253
27	255
28	256
28	260
29	261
29	268
29	266
30	265
31	266
31	269
32	270
32	271
33	271
34	272
34	276
35	277
35	278
36	279
36	281
38	281
40	283
40	286
41	287
41	288
43	290
43	292
45	294
45	296
48	299
48	301
52	305
52	306
54	308
54	309
56	311
56	312
57	312
58	313
58	314
60	316
61	316
63	318
63	320
64	321
65	321
67	323
67	324
69	326
69	327
70	328
70	329
71	330
72	330
75	333
76	333
77	334
77	335
78	335
79	336
81	336
84	339
84	340
85	340
93	348
92	349
91	349
90	348
87	348
90	351
91	351
92	352
94	352
95	353
96	353
97	354
99	354
101	356
103	356
105	358
106	358
107	359
108	359
109	360
111	360
112	361
114	361
115	362
116	362
117	363
117	364
124	364
125	365
126	365
127	366
125	368
127	368
130	371
131	371
133	373
133	374
134	373
137	373
137	372
135	372
133	370
132	370
130	368
131	367
132	367
133	368
136	368
137	369
140	369
141	370
142	370
143	371
145	371
146	370
148	370
149	371
150	371
151	372
151	373
152	374
156	374
157	375
167	375
168	376
169	376
170	375
171	376
173	376
174	375
175	375
176	374
179	374
178	373
175	373
174	374
173	374
172	375
161	375
160	374
160	368
159	367
159	368
158	369
157	368
157	367
156	366
158	364
159	364
161	366
162	366
163	367
164	367
165	366
166	366
168	368
168	371
168	366
167	365
166	365
165	364
167	362
174	362
176	360
177	361
178	360
180	362
180	364
181	365
181	367
183	367
184	368
185	368
186	369
185	368
185	367
183	367
182	366
182	361
183	360
183	359
186	356
186	355
187	354
188	354
189	353
189	352
191	350
191	349
192	348
193	349
194	348
196	348
197	347
199	347
198	347
197	346
198	345
200	345
200	344
201	343
202	343
203	342
204	342
204	341
205	340
206	341
208	339
208	338
209	337
209	336
210	335
211	335
213	333
215	335
215	338
216	339
216	344
217	345
217	346
220	349
220	350
221	350
224	353
225	353
226	354
227	354
228	355
229	355
230	356
235	356
236	357
239	357
240	356
253	356
254	355
255	355
256	354
258	354
259	353
261	353
262	352
263	352
264	351
265	351
267	349
269	349
271	347
272	347
272	346
275	343
276	343
276	341
277	340
277	339
276	340
275	340
274	339
274	314
273	313
273	309
272	308
272	307
270	305
270	304
267	301
268	300
270	300
272	302
281	302
282	303
283	303
284	302
285	302
286	303
296	303
297	304
308	304
307	303
298	303
297	302
298	301
308	301
310	299
313	299
314	298
319	298
320	297
324	297
325	296
327	296
328	295
328	294
327	293
328	292
329	292
330	291
331	291
333	289
334	289
337	286
338	286
342	282
343	282
344	281
346	281
346	280
347	279
348	279
354	273
354	272
355	271
356	271
357	270
357	269
358	268
359	268
362	265
364	265
364	264
363	263
364	262
366	262
366	260
369	257
369	256
372	253
373	254
373	251
375	249
375	246
376	245
377	246
377	245
376	244
378	242
378	236
379	235
379	232
380	231
380	228
381	227
381	224
382	223
381	222
381	218
382	217
382	202
381	201
381	200
382	199
381	198
381	184
380	183
380	175
379	174
379	168
378	167
378	166
377	165
377	162
376	161
376	159
375	158
375	156
376	155
376	154
375	153
375	152
374	151
374	149
373	148
373	147
371	145
371	143
370	142
370	138
369	137
369	136
368	135
368	132
366	130
366	128
365	127
365	126
363	124
363	123
362	122
362	121
361	120
361	118
360	117
360	116
359	115
359	114
357	112
357	111
355	109
355	108
352	105
351	105
350	104
350	103
344	97
344	96
342	94
341	94
340	93
340	92
338	90
337	90
335	88
335	87
334	87
326	79
327	78
328	78
332	82
333	82
334	83
334	84
335	85
336	85
341	90
342	90
344	92
344	93
345	94
346	94
347	95
347	96
348	97
348	98
349	98
355	104
355	105
359	109
359	110
362	113
362	114
364	116
364	117
365	118
365	119
366	120
366	122
367	123
367	124
368	125
368	126
370	128
370	132
371	133
371	135
374	138
374	140
375	141
375	143
376	144
376	145
377	146
377	151
378	152
378	154
379	155
379	156
380	157
380	158
381	159
381	162
382	163
382	166
383	167
383	171
384	172
384	175
385	176
385	182
386	183
386	200
387	201
387	203
388	204
388	205
387	206
387	220
386	221
386	224
385	225
385	236
384	237
384	238
383	239
383	243
381	245
381	247
380	248
379	247
380	248
379	249
379	250
375	254
375	257
379	253
379	252
380	251
381	251
382	250
382	247
383	246
383	245
384	244
384	241
386	239
386	233
387	232
387	225
388	224
388	216
387	215
387	211
388	210
388	200
387	199
387	181
386	180
386	169
385	168
385	167
384	166
384	163
383	162
383	160
382	159
382	158
381	157
381	155
380	154
380	151
379	150
379	146
378	145
378	144
376	142
376	140
374	138
374	136
373	136
371	134
371	133
372	132
372	130
371	129
371	128
370	127
370	125
368	123
368	122
367	121
367	118
364	115
364	114
362	112
362	110
360	108
360	107
356	103
356	102
354	100
354	99
353	99
350	96
350	95
348	93
348	92
346	90
345	90
338	83
337	83
332	78
331	78
329	76
328	76
324	72
321	72
317	68
316	68
314	66
313	66
312	65
311	65
310	64
308	64
307	63
305	63
306	64
305	65
304	65
303	64
301	64
297	60
295	60
292	57
292	56
291	56
290	55
288	55
287	54
286	54
285	53
284	53
283	52
282	52
281	53
271	53
270	54
268	54
267	53
268	52
254	52
253	51
249	51
252	51
253	52
252	53
250	53
249	54
248	54
245	57
242	57
241	58
240	58
239	57
234	57
233	58
232	58
231	59
232	60
230	62
228	62
226	64
224	64
223	65
222	65
221	66
220	66
217	69
216	69
213	72
212	72
212	73
211	74
210	74
208	76
207	76
206	75
205	75
203	77
203	78
202	79
203	79
204	80
204	81
202	83
202	84
200	86
200	87
199	88
199	89
196	92
196	94
195	95
193	95
192	96
192	101
191	102
191	103
190	104
189	104
188	103
189	102
189	100
188	101
188	102
187	103
186	103
185	104
184	104
184	105
183	106
183	107
182	108
182	111
182	110
183	109
183	108
184	107
184	106
185	105
187	105
188	106
188	107
187	108
186	108
186	111
184	113
184	115
182	117
182	120
180	122
180	124
179	125
178	125
178	128
177	129
177	130
176	131
176	133
175	134
175	137
174	138
173	137
172	138
171	138
170	137
169	137
167	135
166	136
165	135
163	135
162	134
159	134
158	133
157	133
156	132
155	132
154	131
153	131
152	130
151	130
150	129
149	129
148	128
146	128
145	127
142	127
141	126
139	126
137	124
133	124
132	123
126	123
125	122
123	122
122	123
115	123
114	122
92	122
91	123
89	121
85	125
81	125
79	127
77	127
76	128
75	128
74	129
73	129
69	133
68	133
67	134
66	134
66	135
64	137
63	136
62	136
62	137
61	138
60	138
59	139
59	140
58	141
57	141
54	144
52	144
52	145
47	150
47	151
46	152
46	153
45	154
44	154
41	157
40	157
40	158
39	159
38	159
37	160
37	161
36	162
35	162
35	163
32	166
32	184
30	186
30	187
29	188
30	189
30	193
29	194
29	197
28	198
28	201
27	202
27	210
26	211
26	213
24	215
24	238
25	239
25	242
24	243
24	245
25	246
25	248
26	249
25	250
25	251
27	253
27	255
28	256
28	260
29	261
29	268
29	266
30	265
31	266
31	269
32	270
32	271
33	271
34	272
34	276
35	277
35	278
36	279
36	281
38	281
40	283
40	286
41	287
41	288
43	290
43	292
45	294
45	296
48	299
48	301
52	305
52	306
54	308
54	309
56	311
56	312
57	312
58	313
58	314
60	316
61	316
63	318
63	320
64	321
65	321
67	323
67	324
69	326
69	327
70	328
70	329
71	330
72	330
75	333
76	333
77	334
77	335
78	335
79	336
81	336
84	339
84	340
85	340
93	348
92	349
91	349
90	348
87	348
90	351
91	351
92	352
94	352
95	353
96	353
97	354
99	354
101	356
103	356
105	358
106	358
107	359
108	359
109	360
111	360
112	361
114	361
115	362
116	362
117	363
117	364
124	364
125	365
126	365
127	366
125	368
127	368
130	371
131	371
133	373
133	374
134	373
137	373
137	372
135	372
133	370
132	370
130	368
131	367
132	367
133	368
136	368
137	369
140	369
141	370
142	370
143	371
145	371
146	370
148	370
149	371
150	371
151	372
151	373
152	374
156	374
157	375
167	375
168	376
169	376
170	375
171	376
173	376
174	375
175	375
176	374
179	374
178	373
175	373
174	374
173	374
172	375
161	375
160	374
160	368
159	367
159	368
158	369
157	368
157	367
156	366
158	364
159	364
161	366
162	366
163	367
164	367
165	366
166	366
168	368
168	371
168	366
167	365
166	365
165	364
167	362
174	362
176	360
177	361
178	360
180	362
180	364
181	365
181	367
183	367
184	368
185	368
186	369
185	368
185	367
183	367
182	366
182	361
183	360
183	359
186	356
186	355
187	354
188	354
189	353
189	352
191	350
191	349
192	348
193	349
194	348
196	348
197	347
199	347
198	347
197	346
198	345
200	345
200	344
201	343
202	343
203	342
204	342
204	341
205	340
206	341
208	339
208	338
209	337
209	336
210	335
211	335
213	333
215	335
215	338
216	339
216	344
217	345
217	346
220	349
220	350
221	350
224	353
225	353
226	354
227	354
228	355
229	355
230	356
235	356
236	357
239	357
240	356
253	356
254	355
255	355
256	354
258	354
259	353
261	353
262	352
263	352
264	351
265	351
267	349
269	349
271	347
272	347
272	346
275	343
276	343
276	341
277	340
277	339
276	340
275	340
274	339
274	314
273	313
273	309
272	308
272	307
270	305
270	304
267	301
268	300
270	300
272	302
281	302
282	303
283	303
284	302
285	302
286	303
296	303
297	304
308	304
307	303
298	303
297	302
298	301
308	301
310	299
313	299
314	298
319	298
320	297
324	297
325	296
327	296
328	295
328	294
327	293
328	292
329	292
330	291
331	291
333	289
334	289
337	286
338	286
342	282
343	282
344	281
346	281
346	280
347	279
348	279
354	273
354	272
355	271
356	271
357	270
357	269
358	268
359	268
362	265
364	265
364	264
363	263
364	262
366	262
366	260
369	257
369	256
372	253
373	254
373	251
375	249
375	246
376	245
377	246
377	245
376	244
378	242
378	236
379	235
379	232
380	231
380	228
381	227
381	224
382	223
381	222
381	218
382	217
382	202
381	201
381	200
382	199
381	198
381	184
380	183
380	175
379	174
379	168
378	167
378	166
377	165
377	162
376	161
376	159
375	158
375	156
376	155
376	154
375	153
375	152
374	151
374	149
373	148
373	147
371	145
371	143
370	142
370	138
369	137
369	136
368	135
368	132
366	130
366	128
365	127
365	126
363	124
363	123
362	122
362	121
361	120
361	118
360	117
360	116
359	115
359	114
357	112
357	111
355	109
355	108
352	105
351	105
350	104
350	103
344	97
344	96
342	94
341	94
340	93
340	92
338	90
337	90
335	88
335	87
334	87
326	79
327	78
328	78
332	82
333	82
334	83
334	84
335	85
336	85
341	90
342	90
344	92
344	93
345	94
346	94
347	95
347	96
348	97
348	98
349	98
355	104
355	105
359	109
359	110
362	113
362	114
364	116
364	117
365	118
365	119
366	120
366	122
367	123
367	124
368	125
368	126
370	128
370	132
371	133
371	135
374	138
374	140
375	141
375	143
376	144
376	145
377	146
377	151
378	152
378	154
379	155
379	156
380	157
380	158
381	159
381	162
382	163
382	166
383	167
383	171
384	172
384	175
385	176
385	182
386	183
386	200
387	201
387	203
388	204
388	205
387	206
387	220
386	221
386	224
385	225
385	236
384	237
384	238
383	239
383	243
381	245
381	247
380	248
379	247
380	248
379	249
379	250
375	254
375	257
379	253
379	252
380	251
381	251
382	250
382	247
383	246
383	245
384	244
384	241
386	239
386	233
387	232
387	225
388	224
388	216
387	215
387	211
388	210
388	200
387	199
387	181
386	180
386	169
385	168
385	167
384	166
384	163
383	162
383	160
382	159
382	158
381	157
381	155
380	154
380	151
379	150
379	146
378	145
378	144
376	142
376	140
374	138
374	136
373	136
371	134
371	133
372	132
372	130
371	129
371	128
370	127
370	125
368	123
368	122
367	121
367	118
364	115
364	114
362	112
362	110
360	108
360	107
356	103
356	102
354	100
354	99
353	99
350	96
350	95
348	93
348	92
346	90
345	90
338	83
337	83
332	78
331	78
329	76
328	76
324	72
321	72
317	68
316	68
314	66
313	66
312	65
311	65
310	64
308	64
307	63
305	63
306	64
305	65
304	65
303	64
301	64
297	60
295	60
292	57
292	56
291	56
290	55
288	55
287	54
286	54
285	53
284	53
283	52
282	52
281	53
271	53
270	54
268	54
267	53
268	52
254	52
253	51
249	51
252	51
253	52
252	53
250	53
249	54
248	54
245	57
242	57
241	58
240	58
239	57
234	57
233	58
232	58
231	59
232	60
230	62
228	62
226	64
224	64
223	65
222	65
221	66
220	66
217	69
216	69
213	72
212	72
212	73
211	74
210	74
208	76
207	76
206	75
205	75
203	77
203	78
202	79
203	79
204	80
204	81
202	83
202	84
200	86
200	87
199	88
199	89
196	92
196	94
195	95
193	95
192	96
192	101
191	102
191	103
190	104
189	104
188	103
189	102
189	100
188	101
188	102
187	103
186	103
185	104
184	104
184	105
183	106
183	107
182	108
182	111
182	110
183	109
183	108
184	107
184	106
185	105
187	105
188	106
188	107
187	108
186	108
186	111
184	113
184	115
182	117
182	120
180	122
180	124
179	125
178	125
178	128
177	129
177	130
176	131
176	133
175	134
175	137
174	138
173	137
172	138
171	138
170	137
169	137
167	135
166	136
165	135
163	135
162	134
159	134
158	133
157	133
156	132
155	132
154	131
153	131
152	130
151	130
150	129
149	129
148	128
146	128
145	127
142	127
141	126
139	126
137	124
133	124
132	123
126	123
125	122
123	122
122	123
115	123
114	122
92	122
91	123
89	121
85	125
81	125
79	127
77	127
76	128
75	128
74	129
73	129
69	133
68	133
67	134
66	134
66	135
64	137
63	136
62	136
62	137
61	138
60	138
59	139
59	140
58	141
57	141
54	144
52	144
52	145
47	150
47	151
46	152
46	153
45	154
44	154
41	157
40	157
40	158
39	159
38	159
37	160
37	161
36	162
35	162
35	163
32	166
32	184
30	186
30	187
29	188
30	189
30	193
29	194
29	197
28	198
28	201
27	202
27	210
26	211
26	213
24	215
24	238
25	239
25	242
24	243
24	245
25	246
25	248
26	249
25	250
25	251
27	253
27	255
28	256
28	260
29	261
29	268
29	266
30	265
31	266
31	269
32	270
32	271
33	271
34	272
34	276
35	277
35	278
36	279
36	281
38	281
40	283
40	286
41	287
41	288
43	290
43	292
45	294
45	296
48	299
48	301
52	305
52	306
54	308
54	309
56	311
56	312
57	312
58	313
58	314
60	316
61	316
63	318
63	320
64	321
65	321
67	323
67	324
69	326
69	327
70	328
70	329
71	330
72	330
75	333
76	333
77	334
77	335
78	335
79	336
81	336
84	339
84	340
85	340
93	348
92	349
91	349
90	348
87	348
90	351
91	351
92	352
94	352
95	353
96	353
97	354
99	354
101	356
103	356
105	358
106	358
107	359
108	359
109	360
111	360
112	361
114	361
115	362
116	362
117	363
117	364
124	364
125	365
126	365
127	366
125	368
127	368
130	371
131	371
133	373
133	374
134	373
137	373
137	372
135	372
133	370
132	370
130	368
131	367
132	367
133	368
136	368
137	369
140	369
141	370
142	370
143	371
145	371
146	370
148	370
149	371
150	371
151	372
151	373
152	374
156	374
157	375
167	375
168	376
169	376
170	375
171	376
173	376
174	375
175	375
176	374
179	374
178	373
175	373
174	374
173	374
172	375
161	375
160	374
160	368
159	367
159	368
158	369
157	368
157	367
156	366
158	364
159	364
161	366
162	366
163	367
164	367
165	366
166	366
168	368
168	371
168	366
167	365
166	365
165	364
167	362
174	362
176	360
177	361
178	360
180	362
180	364
181	365
181	367
183	367
184	368
185	368
186	369
185	368
185	367
183	367
182	366
182	361
183	360
183	359
186	356
186	355
187	354
188	354
189	353
189	352
191	350
191	349
192	348
193	349
194	348
196	348
197	347
199	347
198	347
197	346
198	345
200	345
200	344
201	343
202	343
203	342
204	342
204	341
205	340
206	341
208	339
208	338
209	337
209	336
210	335
211	335
213	333
215	335
215	338
216	339
216	344
217	345
217	346
220	349
220	350
221	350
224	353
225	353
226	354
227	354
228	355
229	355
230	356
235	356
236	357
239	357
240	356
253	356
254	355
255	355
256	354
258	354
259	353
261	353
262	352
263	352
264	351
265	351
267	349
269	349
271	347
272	347
272	346
275	343
276	343
276	341
277	340
277	339
276	340
275	340
274	339
274	314
273	313
273	309
272	308
272	307
270	305
270	304
267	301
268	300
270	300
272	302
281	302
282	303
283	303
284	302
285	302
286	303
296	303
297	304
308	304
307	303
298	303
297	302
298	301
308	301
310	299
313	299
314	298
319	298
320	297
324	297
325	296
327	296
328	295
328	294
327	293
328	292
329	292
330	291
331	291
333	289
334	289
337	286
338	286
342	282
343	282
344	281
346	281
346	280
347	279
348	279
354	273
354	272
355	271
356	271
357	270
357	269
358	268
359	268
362	265
364	265
364	264
363	263
364	262
366	262
366	260
369	257
369	256
372	253
373	254
373	251
375	249
375	246
376	245
377	246
377	245
376	244
378	242
378	236
379	235
379	232
380	231
380	228
381	227
381	224
382	223
381	222
381	218
382	217
382	202
381	201
381	200
382	199
381	198
381	184
380	183
380	175
379	174
379	168
378	167
378	166
377	165
377	162
376	161
376	159
375	158
375	156
376	155
376	154
375	153
375	152
374	151
374	149
373	148
373	147
371	145
371	143
370	142
370	138
369	137
369	136
368	135
368	132
366	130
366	128
365	127
365	126
363	124
363	123
362	122
362	121
361	120
361	118
360	117
360	116
359	115
359	114
357	112
357	111
355	109
355	108
352	105
351	105
350	104
350	103
344	97
344	96
342	94
341	94
340	93
340	92
338	90
337	90
335	88
335	87
334	87
326	79
327	78
328	78
332	82
333	82
334	83
334	84
335	85
336	85
341	90
342	90
344	92
344	93
345	94
346	94
347	95
347	96
348	97
348	98
349	98
355	104
355	105
359	109
359	110
362	113
362	114
364	116
364	117
365	118
365	119
366	120
366	122
367	123
367	124
368	125
368	126
370	128
370	132
371	133
371	135
374	138
374	140
375	141
375	143
376	144
376	145
377	146
377	151
378	152
378	154
379	155
379	156
380	157
380	158
381	159
381	162
382	163
382	166
383	167
383	171
384	172
384	175
385	176
385	182
386	183
386	200
387	201
387	203
388	204
388	205
387	206
387	220
386	221
386	224
385	225
385	236
384	237
384	238
383	239
383	243
381	245
381	247
380	248
379	247
380	248
379	249
379	250
375	254
375	257
379	253
379	252
380	251
381	251
382	250
382	247
383	246
383	245
384	244
384	241
386	239
386	233
387	232
387	225
388	224
388	216
387	215
387	211
388	210
388	200
387	199
387	181
386	180
386	169
385	168
385	167
384	166
384	163
383	162
383	160
382	159
382	158
381	157
381	155
380	154
380	151
379	150
379	146
378	145
378	144
376	142
376	140
374	138
374	136
373	136
371	134
371	133
372	132
372	130
371	129
371	128
370	127
370	125
368	123
368	122
367	121
367	118
364	115
364	114
362	112
362	110
360	108
360	107
356	103
356	102
354	100
354	99
353	99
350	96
350	95
348	93
348	92
346	90
345	90
338	83
337	83
332	78
331	78
329	76
328	76
324	72
321	72
317	68
316	68
314	66
313	66
312	65
311	65
310	64
308	64
307	63
305	63
306	64
305	65
304	65
303	64
301	64
297	60
295	60
292	57
292	56
291	56
290	55
288	55
287	54
286	54
285	53
284	53
283	52
282	52
281	53
271	53
270	54
268	54
267	53
268	52
254	52
253	51
249	51
252	51
253	52
252	53
250	53
249	54
248	54
245	57
242	57
241	58
240	58
239	57
234	57
233	58
232	58
231	59
232	60
230	62
228	62
226	64
224	64
223	65
222	65
221	66
220	66
217	69
216	69
213	72
212	72
212	73
211	74
210	74
208	76
207	76
206	75
205	75
203	77
203	78
202	79
203	79
204	80
204	81
202	83
202	84
200	86
200	87
199	88
199	89
196	92
196	94
195	95
193	95
192	96
192	101
191	102
191	103
190	104
189	104
188	103
189	102
189	100
188	101
188	102
187	103
186	103
185	104
184	104
184	105
183	106
183	107
182	108
182	111
182	110
183	109
183	108
184	107
184	106
185	105
187	105
188	106
188	107
187	108
186	108
186	111
184	113
184	115
182	117
182	120
180	122
180	124
179	125
178	125
178	128
177	129
177	130
176	131
176	133
175	134
175	137
174	138
173	137
172	138
171	138
170	137
169	137
167	135
166	136
165	135
163	135
162	134
159	134
158	133
157	133
156	132
155	132
154	131
153	131
152	130
151	130
150	129
149	129
148	128
146	128
145	127
142	127
141	126
139	126
137	124
133	124
132	123
126	123
125	122
123	122
122	123
115	123
114	122
92	122
91	123
89	121
85	125
81	125
79	127
77	127
76	128
75	128
74	129
73	129
69	133
68	133
67	134
66	134
66	135
64	137
63	136
62	136
62	137
61	138
60	138
59	139
59	140
58	141
57	141
54	144
52	144
52	145
47	150
47	151
46	152
46	153
45	154
44	154
41	157
40	157
40	158
39	159
38	159
37	160
37	161
36	162
35	162
35	163
32	166
32	184
30	186
30	187
29	188
30	189
30	193
29	194
29	197
28	198
28	201
27	202
27	210
26	211
26	213
24	215
24	238
25	239
25	242
24	243
24	245
25	246
25	248
26	249
25	250
25	251
27	253
27	255
28	256
28	260
29	261
29	268
29	266
30	265
31	266
31	269
32	270
32	271
33	271
34	272
34	276
35	277
35	278
36	279
36	281
38	281
40	283
40	286
41	287
41	288
43	290
43	292
45	294
45	296
48	299
48	301
52	305
52	306
54	308
54	309
56	311
56	312
57	312
58	313
58	314
60	316
61	316
63	318
63	320
64	321
65	321
67	323
67	324
69	326
69	327
70	328
70	329
71	330
72	330
75	333
76	333
77	334
77	335
78	335
79	336
81	336
84	339
84	340
85	340
93	348
92	349
91	349
90	348
87	348
90	351
91	351
92	352
94	352
95	353
96	353
97	354
99	354
101	356
103	356
105	358
106	358
107	359
108	359
109	360
111	360
112	361
114	361
115	362
116	362
117	363
117	364
124	364
125	365
126	365
127	366
125	368
127	368
130	371
131	371
133	373
133	374
134	373
137	373
137	372
135	372
133	370
132	370
130	368
131	367
132	367
133	368
136	368
137	369
140	369
141	370
142	370
143	371
145	371
146	370
148	370
149	371
150	371
151	372
151	373
152	374
156	374
157	375
167	375
168	376
169	376
170	375
171	376
173	376
174	375
175	375
176	374
179	374
178	373
175	373
174	374
173	374
172	375
161	375
160	374
160	368
159	367
159	368
158	369
157	368
157	367
156	366
158	364
159	364
161	366
162	366
163	367
164	367
165	366
166	366
168	368
168	371
168	366
167	365
166	365
165	364
167	362
174	362
176	360
177	361
178	360
180	362
180	364
181	365
181	367
183	367
184	368
185	368
186	369
185	368
185	367
183	367
182	366
182	361
183	360
183	359
186	356
186	355
187	354
188	354
189	353
189	352
191	350
191	349
192	348
193	349
194	348
196	348
197	347
199	347
198	347
197	346
198	345
200	345
200	344
201	343
202	343
203	342
204	342
204	341
205	340
206	341
208	339
208	338
209	337
209	336
210	335
211	335
213	333
215	335
215	338
216	339
216	344
217	345
217	346
220	349
220	350
221	350
224	353
225	353
226	354
227	354
228	355
229	355
230	356
235	356
236	357
239	357
240	356
253	356
254	355
255	355
256	354
258	354
259	353
261	353
262	352
263	352
264	351
265	351
267	349
269	349
271	347
272	347
272	346
275	343
276	343
276	341
277	340
277	339
276	340
275	340
274	339
274	314
273	313
273	309
272	308
272	307
270	305
270	304
267	301
268	300
270	300
272	302
281	302
282	303
283	303
284	302
285	302
286	303
296	303
297	304
308	304
307	303
298	303
297	302
298	301
308	301
310	299
313	299
314	298
319	298
320	297
324	297
325	296
327	296
328	295
328	294
327	293
328	292
329	292
330	291
331	291
333	289
334	289
337	286
338	286
342	282
343	282
344	281
346	281
346	280
347	279
348	279
354	273
354	272
355	271
356	271
357	270
357	269
358	268
359	268
362	265
364	265
364	264
363	263
364	262
366	262
366	260
369	257
369	256
372	253
373	254
373	251
375	249
375	246
376	245
377	246
377	245
376	244
378	242
378	236
379	235
379	232
380	231
380	228
381	227
381	224
382	223
381	222
381	218
382	217
382	202
381	201
381	200
382	199
381	198
381	184
380	183
380	175
379	174
379	168
378	167
378	166
377	165
377	162
376	161
376	159
375	158
375	156
376	155
376	154
375	153
375	152
374	151
374	149
373	148
373	147
371	145
371	143
370	142
370	138
369	137
369	136
368	135
368	132
366	130
366	128
365	127
365	126
363	124
363	123
362	122
362	121
361	120
361	118
360	117
360	116
359	115
359	114
357	112
357	111
355	109
355	108
352	105
351	105
350	104
350	103
344	97
344	96
342	94
341	94
340	93
340	92
338	90
337	90
335	88
335	87
334	87
326	79
327	78
328	78
332	82
333	82
334	83
334	84
335	85
336	85
341	90
342	90
344	92
344	93
345	94
346	94
347	95
347	96
348	97
348	98
349	98
355	104
355	105
359	109
359	110
362	113
362	114
364	116
364	117
365	118
365	119
366	120
366	122
367	123
367	124
368	125
368	126
370	128
370	132
371	133
371	135
374	138
374	140
375	141
375	143
376	144
376	145
377	146
377	151
378	152
378	154
379	155
379	156
380	157
380	158
381	159
381	162
382	163
382	166
383	167
383	171
384	172
384	175
385	176
385	182
386	183
386	200
387	201
387	203
388	204
388	205
387	206
387	220
386	221
386	224
385	225
385	236
384	237
384	238
383	239
383	243
381	245
381	247
380	248
379	247
380	248
379	249
379	250
375	254
375	257
379	253
379	252
380	251
381	251
382	250
382	247
383	246
383	245
384	244
384	241
386	239
386	233
387	232
387	225
388	224
388	216
387	215
387	211
388	210
388	200
387	199
387	181
386	180
386	169
385	168
385	167
384	166
384	163
383	162
383	160
382	159
382	158
381	157
381	155
380	154
380	151
379	150
379	146
378	145
378	144
376	142
376	140
374	138
374	136
373	136
371	134
371	133
372	132
372	130
371	129
371	128
370	127
370	125
368	123
368	122
367	121
367	118
364	115
364	114
362	112
362	110
360	108
360	107
356	103
356	102
354	100
354	99
353	99
350	96
350	95
348	93
348	92
346	90
345	90
338	83
337	83
332	78
331	78
329	76
328	76
324	72
321	72
317	68
316	68
314	66
313	66
312	65
311	65
310	64
308	64
307	63
305	63
306	64
305	65
304	65
303	64
301	64
297	60
295	60
292	57
292	56
291	56
290	55
288	55
287	54
286	54
285	53
284	53
283	52
282	52
281	53
271	53
270	54
268	54
267	53
268	52
254	52
253	51
